Node Number	X Location (m)	Y Location (m)	Z Location (m)	Total Deformation (m)
1	1.e-003	0.	1.9e-002	3.3674
2	1.e-003	0.	1.8e-002	8.1474
3	1.e-003	0.	1.7e-002	13.84
4	1.e-003	0.	1.6e-002	19.884
5	1.e-003	0.	1.5e-002	25.795
6	1.e-003	0.	1.4e-002	31.085
7	1.e-003	0.	1.3e-002	35.32
8	1.e-003	0.	1.2e-002	38.139
9	1.e-003	0.	1.1e-002	39.27
10	1.e-003	0.	1.e-002	38.544
11	1.e-003	0.	9.e-003	35.901
12	1.e-003	0.	8.e-003	31.404
13	1.e-003	0.	7.e-003	25.269
14	1.e-003	0.	6.e-003	18.002
15	1.e-003	0.	5.e-003	11.213
16	1.e-003	0.	4.e-003	10.856
17	1.e-003	0.	3.e-003	18.837
18	1.e-003	0.	2.e-003	29.395
19	1.e-003	0.	1.e-003	40.556
20	0.	0.	1.9e-002	2.7699
21	1.7347e-018	0.	1.8e-002	7.4779
22	0.	0.	1.7e-002	13.246
23	0.	0.	1.6e-002	19.452
24	0.	0.	1.5e-002	25.547
25	0.	0.	1.4e-002	31.01
26	0.	0.	1.3e-002	35.389
27	0.	0.	1.2e-002	38.306
28	0.	0.	1.1e-002	39.476
29	-1.0842e-018	0.	1.e-002	38.714
30	0.	0.	9.e-003	35.94
31	0.	0.	8.e-003	31.179
32	0.	0.	7.e-003	24.554
33	4.3368e-019	0.	6.e-003	16.274
34	0.	0.	5.e-003	6.6186
35	-2.1684e-019	0.	4.e-003	4.0817
36	0.	0.	3.e-003	15.472
37	0.	0.	2.e-003	27.2
38	0.	0.	1.e-003	38.943
39	-1.e-003	0.	1.9e-002	3.3674
40	-1.e-003	0.	1.8e-002	8.1474
41	-1.e-003	0.	1.7e-002	13.84
42	-1.e-003	0.	1.6e-002	19.884
43	-1.e-003	0.	1.5e-002	25.795
44	-1.e-003	0.	1.4e-002	31.085
45	-1.e-003	0.	1.3e-002	35.32
46	-1.e-003	0.	1.2e-002	38.139
47	-1.e-003	0.	1.1e-002	39.27
48	-1.e-003	0.	1.e-002	38.544
49	-1.e-003	0.	9.e-003	35.901
50	-1.e-003	0.	8.e-003	31.404
51	-1.e-003	0.	7.e-003	25.269
52	-1.e-003	0.	6.e-003	18.002
53	-1.e-003	0.	5.e-003	11.213
54	-1.e-003	0.	4.e-003	10.856
55	-1.e-003	0.	3.e-003	18.837
56	-1.e-003	0.	2.e-003	29.395
57	-1.e-003	0.	1.e-003	40.556
58	-1.e-003	1.e-003	1.e-003	40.538
59	-1.e-003	1.e-003	2.e-003	29.351
60	-1.e-003	1.e-003	3.e-003	18.76
61	-1.e-003	1.e-003	4.e-003	10.782
62	-1.e-003	1.e-003	5.e-003	11.274
63	-1.e-003	1.e-003	6.e-003	18.159
64	-1.e-003	1.e-003	7.e-003	25.477
65	-1.e-003	1.e-003	8.e-003	31.644
66	-1.e-003	1.e-003	9.e-003	36.157
67	-1.e-003	1.e-003	1.e-002	38.802
68	-1.e-003	1.e-003	1.1e-002	39.515
69	-1.e-003	1.e-003	1.2e-002	38.356
70	-1.e-003	1.e-003	1.3e-002	35.494
71	-1.e-003	1.e-003	1.4e-002	31.204
72	-1.e-003	1.e-003	1.5e-002	25.849
73	-1.e-003	1.e-003	1.6e-002	19.864
74	-1.e-003	1.e-003	1.7e-002	13.74
75	-1.e-003	1.e-003	1.8e-002	7.9824
76	-1.e-003	1.e-003	1.9e-002	3.2188
77	0.	1.e-003	1.e-003	38.931
78	0.	1.e-003	2.e-003	27.162
79	0.	1.e-003	3.e-003	15.401
80	-4.3368e-019	1.e-003	4.e-003	3.9723
81	0.	1.e-003	5.e-003	6.7671
82	8.6736e-019	1.e-003	6.e-003	16.459
83	0.	1.e-003	7.e-003	24.77
84	0.	1.e-003	8.e-003	31.418
85	0.	1.e-003	9.e-003	36.191
86	-2.1684e-018	1.e-003	1.e-002	38.965
87	0.	1.e-003	1.1e-002	39.713
88	0.	1.e-003	1.2e-002	38.517
89	0.	1.e-003	1.3e-002	35.561
90	0.	1.e-003	1.4e-002	31.131
91	0.	1.e-003	1.5e-002	25.607
92	0.	1.e-003	1.6e-002	19.442
93	0.	1.e-003	1.7e-002	13.16
94	3.4694e-018	1.e-003	1.8e-002	7.313
95	0.	1.e-003	1.9e-002	2.5708
96	1.e-003	1.e-003	1.e-003	40.538
97	1.e-003	1.e-003	2.e-003	29.351
98	1.e-003	1.e-003	3.e-003	18.76
99	1.e-003	1.e-003	4.e-003	10.782
100	1.e-003	1.e-003	5.e-003	11.274
101	1.e-003	1.e-003	6.e-003	18.159
102	1.e-003	1.e-003	7.e-003	25.477
103	1.e-003	1.e-003	8.e-003	31.644
104	1.e-003	1.e-003	9.e-003	36.157
105	1.e-003	1.e-003	1.e-002	38.802
106	1.e-003	1.e-003	1.1e-002	39.515
107	1.e-003	1.e-003	1.2e-002	38.356
108	1.e-003	1.e-003	1.3e-002	35.494
109	1.e-003	1.e-003	1.4e-002	31.204
110	1.e-003	1.e-003	1.5e-002	25.849
111	1.e-003	1.e-003	1.6e-002	19.864
112	1.e-003	1.e-003	1.7e-002	13.74
113	1.e-003	1.e-003	1.8e-002	7.9824
114	1.e-003	1.e-003	1.9e-002	3.2188
115	1.e-003	-1.e-003	1.9e-002	3.2188
116	1.e-003	-1.e-003	1.8e-002	7.9824
117	1.e-003	-1.e-003	1.7e-002	13.74
118	1.e-003	-1.e-003	1.6e-002	19.864
119	1.e-003	-1.e-003	1.5e-002	25.849
120	1.e-003	-1.e-003	1.4e-002	31.204
121	1.e-003	-1.e-003	1.3e-002	35.494
122	1.e-003	-1.e-003	1.2e-002	38.356
123	1.e-003	-1.e-003	1.1e-002	39.515
124	1.e-003	-1.e-003	1.e-002	38.802
125	1.e-003	-1.e-003	9.e-003	36.157
126	1.e-003	-1.e-003	8.e-003	31.644
127	1.e-003	-1.e-003	7.e-003	25.477
128	1.e-003	-1.e-003	6.e-003	18.159
129	1.e-003	-1.e-003	5.e-003	11.274
130	1.e-003	-1.e-003	4.e-003	10.782
131	1.e-003	-1.e-003	3.e-003	18.76
132	1.e-003	-1.e-003	2.e-003	29.351
133	1.e-003	-1.e-003	1.e-003	40.538
134	0.	-1.e-003	1.9e-002	2.5708
135	0.	-1.e-003	1.8e-002	7.313
136	0.	-1.e-003	1.7e-002	13.16
137	0.	-1.e-003	1.6e-002	19.442
138	0.	-1.e-003	1.5e-002	25.607
139	0.	-1.e-003	1.4e-002	31.131
140	0.	-1.e-003	1.3e-002	35.561
141	0.	-1.e-003	1.2e-002	38.517
142	0.	-1.e-003	1.1e-002	39.713
143	0.	-1.e-003	1.e-002	38.965
144	0.	-1.e-003	9.e-003	36.191
145	0.	-1.e-003	8.e-003	31.418
146	0.	-1.e-003	7.e-003	24.77
147	0.	-1.e-003	6.e-003	16.459
148	0.	-1.e-003	5.e-003	6.7671
149	0.	-1.e-003	4.e-003	3.9723
150	0.	-1.e-003	3.e-003	15.401
151	0.	-1.e-003	2.e-003	27.162
152	0.	-1.e-003	1.e-003	38.931
153	-1.e-003	-1.e-003	1.9e-002	3.2188
154	-1.e-003	-1.e-003	1.8e-002	7.9824
155	-1.e-003	-1.e-003	1.7e-002	13.74
156	-1.e-003	-1.e-003	1.6e-002	19.864
157	-1.e-003	-1.e-003	1.5e-002	25.849
158	-1.e-003	-1.e-003	1.4e-002	31.204
159	-1.e-003	-1.e-003	1.3e-002	35.494
160	-1.e-003	-1.e-003	1.2e-002	38.356
161	-1.e-003	-1.e-003	1.1e-002	39.515
162	-1.e-003	-1.e-003	1.e-002	38.802
163	-1.e-003	-1.e-003	9.e-003	36.157
164	-1.e-003	-1.e-003	8.e-003	31.644
165	-1.e-003	-1.e-003	7.e-003	25.477
166	-1.e-003	-1.e-003	6.e-003	18.159
167	-1.e-003	-1.e-003	5.e-003	11.274
168	-1.e-003	-1.e-003	4.e-003	10.782
169	-1.e-003	-1.e-003	3.e-003	18.76
170	-1.e-003	-1.e-003	2.e-003	29.351
171	-1.e-003	-1.e-003	1.e-003	40.538
172	2.e-003	-1.e-003	1.9e-002	5.4002
173	2.e-003	-1.e-003	1.8e-002	10.479
174	2.e-003	-1.e-003	1.7e-002	15.921
175	2.e-003	-1.e-003	1.6e-002	21.479
176	2.e-003	-1.e-003	1.5e-002	26.817
177	2.e-003	-1.e-003	1.4e-002	31.554
178	2.e-003	-1.e-003	1.3e-002	35.328
179	2.e-003	-1.e-003	1.2e-002	37.834
180	2.e-003	-1.e-003	1.1e-002	38.845
181	2.e-003	-1.e-003	1.e-002	38.239
182	2.e-003	-1.e-003	9.e-003	36.016
183	2.e-003	-1.e-003	8.e-003	32.345
184	2.e-003	-1.e-003	7.e-003	27.644
185	2.e-003	-1.e-003	6.e-003	22.828
186	2.e-003	-1.e-003	5.e-003	19.766
187	2.e-003	-1.e-003	4.e-003	20.959
188	2.e-003	-1.e-003	3.e-003	26.761
189	2.e-003	-1.e-003	2.e-003	35.315
190	2.e-003	-1.e-003	1.e-003	45.103
191	-2.e-003	-1.e-003	1.9e-002	5.4002
192	-2.e-003	-1.e-003	1.8e-002	10.479
193	-2.e-003	-1.e-003	1.7e-002	15.921
194	-2.e-003	-1.e-003	1.6e-002	21.479
195	-2.e-003	-1.e-003	1.5e-002	26.817
196	-2.e-003	-1.e-003	1.4e-002	31.554
197	-2.e-003	-1.e-003	1.3e-002	35.328
198	-2.e-003	-1.e-003	1.2e-002	37.834
199	-2.e-003	-1.e-003	1.1e-002	38.845
200	-2.e-003	-1.e-003	1.e-002	38.239
201	-2.e-003	-1.e-003	9.e-003	36.016
202	-2.e-003	-1.e-003	8.e-003	32.345
203	-2.e-003	-1.e-003	7.e-003	27.644
204	-2.e-003	-1.e-003	6.e-003	22.828
205	-2.e-003	-1.e-003	5.e-003	19.766
206	-2.e-003	-1.e-003	4.e-003	20.959
207	-2.e-003	-1.e-003	3.e-003	26.761
208	-2.e-003	-1.e-003	2.e-003	35.315
209	-2.e-003	-1.e-003	1.e-003	45.103
210	2.e-003	-1.e-003	2.e-002	0.
211	1.e-003	-1.e-003	2.e-002	0.
212	0.	-1.e-003	2.e-002	0.
213	-1.e-003	-1.e-003	2.e-002	0.
214	-2.e-003	-1.e-003	2.e-002	0.
215	2.e-003	-1.e-003	0.	55.379
216	1.e-003	-1.e-003	0.	51.707
217	0.	-1.e-003	0.	50.413
218	-1.e-003	-1.e-003	0.	51.707
219	-2.e-003	-1.e-003	0.	55.379
220	1.e-003	0.	0.	51.716
221	0.	0.	0.	50.414
222	-1.e-003	0.	0.	51.716
223	1.e-003	1.e-003	0.	51.707
224	0.	1.e-003	0.	50.413
225	-1.e-003	1.e-003	0.	51.707
226	2.e-003	1.e-003	0.	55.379
227	2.e-003	0.	0.	55.396
228	-2.e-003	0.	0.	55.396
229	-2.e-003	1.e-003	0.	55.379
230	1.e-003	0.	2.e-002	0.
231	0.	0.	2.e-002	0.
232	-1.e-003	0.	2.e-002	0.
233	1.e-003	1.e-003	2.e-002	0.
234	0.	1.e-003	2.e-002	0.
235	-1.e-003	1.e-003	2.e-002	0.
236	2.e-003	1.e-003	2.e-002	0.
237	2.e-003	0.	2.e-002	0.
238	-2.e-003	0.	2.e-002	0.
239	-2.e-003	1.e-003	2.e-002	0.
240	-2.e-003	0.	1.9e-002	5.5587
241	-2.e-003	0.	1.8e-002	10.644
242	-2.e-003	0.	1.7e-002	16.047
243	-2.e-003	0.	1.6e-002	21.524
244	-2.e-003	0.	1.5e-002	26.78
245	-2.e-003	0.	1.4e-002	31.44
246	-2.e-003	0.	1.3e-002	35.149
247	-2.e-003	0.	1.2e-002	37.604
248	-2.e-003	0.	1.1e-002	38.582
249	-2.e-003	0.	1.e-002	37.962
250	-2.e-003	0.	9.e-003	35.746
251	-2.e-003	0.	8.e-003	32.103
252	-2.e-003	0.	7.e-003	27.456
253	-2.e-003	0.	6.e-003	22.72
254	-2.e-003	0.	5.e-003	19.763
255	-2.e-003	0.	4.e-003	21.033
256	-2.e-003	0.	3.e-003	26.841
257	-2.e-003	0.	2.e-003	35.365
258	-2.e-003	0.	1.e-003	45.125
259	-2.e-003	1.e-003	1.e-003	45.103
260	-2.e-003	1.e-003	2.e-003	35.315
261	-2.e-003	1.e-003	3.e-003	26.761
262	-2.e-003	1.e-003	4.e-003	20.959
263	-2.e-003	1.e-003	5.e-003	19.766
264	-2.e-003	1.e-003	6.e-003	22.828
265	-2.e-003	1.e-003	7.e-003	27.644
266	-2.e-003	1.e-003	8.e-003	32.345
267	-2.e-003	1.e-003	9.e-003	36.016
268	-2.e-003	1.e-003	1.e-002	38.239
269	-2.e-003	1.e-003	1.1e-002	38.845
270	-2.e-003	1.e-003	1.2e-002	37.834
271	-2.e-003	1.e-003	1.3e-002	35.328
272	-2.e-003	1.e-003	1.4e-002	31.554
273	-2.e-003	1.e-003	1.5e-002	26.817
274	-2.e-003	1.e-003	1.6e-002	21.479
275	-2.e-003	1.e-003	1.7e-002	15.921
276	-2.e-003	1.e-003	1.8e-002	10.479
277	-2.e-003	1.e-003	1.9e-002	5.4002
278	2.e-003	0.	1.9e-002	5.5587
279	2.e-003	0.	1.8e-002	10.644
280	2.e-003	0.	1.7e-002	16.047
281	2.e-003	0.	1.6e-002	21.524
282	2.e-003	0.	1.5e-002	26.78
283	2.e-003	0.	1.4e-002	31.44
284	2.e-003	0.	1.3e-002	35.149
285	2.e-003	0.	1.2e-002	37.604
286	2.e-003	0.	1.1e-002	38.582
287	2.e-003	0.	1.e-002	37.962
288	2.e-003	0.	9.e-003	35.746
289	2.e-003	0.	8.e-003	32.103
290	2.e-003	0.	7.e-003	27.456
291	2.e-003	0.	6.e-003	22.72
292	2.e-003	0.	5.e-003	19.763
293	2.e-003	0.	4.e-003	21.033
294	2.e-003	0.	3.e-003	26.841
295	2.e-003	0.	2.e-003	35.365
296	2.e-003	0.	1.e-003	45.125
297	2.e-003	1.e-003	1.e-003	45.103
298	2.e-003	1.e-003	2.e-003	35.315
299	2.e-003	1.e-003	3.e-003	26.761
300	2.e-003	1.e-003	4.e-003	20.959
301	2.e-003	1.e-003	5.e-003	19.766
302	2.e-003	1.e-003	6.e-003	22.828
303	2.e-003	1.e-003	7.e-003	27.644
304	2.e-003	1.e-003	8.e-003	32.345
305	2.e-003	1.e-003	9.e-003	36.016
306	2.e-003	1.e-003	1.e-002	38.239
307	2.e-003	1.e-003	1.1e-002	38.845
308	2.e-003	1.e-003	1.2e-002	37.834
309	2.e-003	1.e-003	1.3e-002	35.328
310	2.e-003	1.e-003	1.4e-002	31.554
311	2.e-003	1.e-003	1.5e-002	26.817
312	2.e-003	1.e-003	1.6e-002	21.479
313	2.e-003	1.e-003	1.7e-002	15.921
314	2.e-003	1.e-003	1.8e-002	10.479
315	2.e-003	1.e-003	1.9e-002	5.4002
316	1.e-003	0.	1.85e-002	5.5928
317	5.e-004	0.	1.9e-002	2.9119
318	1.e-003	5.e-004	1.9e-002	3.3423
319	1.e-003	-5.e-004	1.9e-002	3.3423
320	1.e-003	0.	1.95e-002	1.3296
321	1.5e-003	0.	1.9e-002	4.0507
322	1.e-003	0.	1.75e-002	10.918
323	5.e-004	0.	1.8e-002	7.6439
324	1.e-003	5.e-004	1.8e-002	8.1091
325	1.e-003	-5.e-004	1.8e-002	8.1091
326	1.5e-003	0.	1.8e-002	9.1327
327	1.e-003	0.	1.65e-002	16.847
328	5.e-004	0.	1.7e-002	13.384
329	1.e-003	5.e-004	1.7e-002	13.815
330	1.e-003	-5.e-004	1.7e-002	13.815
331	1.5e-003	0.	1.7e-002	14.68
332	1.e-003	0.	1.55e-002	22.888
333	5.e-004	0.	1.6e-002	19.556
334	1.e-003	5.e-004	1.6e-002	19.879
335	1.e-003	-5.e-004	1.6e-002	19.879
336	1.5e-003	0.	1.6e-002	20.507
337	1.e-003	0.	1.45e-002	28.546
338	5.e-004	0.	1.5e-002	25.606
339	1.e-003	5.e-004	1.5e-002	25.808
340	1.e-003	-5.e-004	1.5e-002	25.808
341	1.5e-003	0.	1.5e-002	26.162
342	1.e-003	0.	1.35e-002	33.358
343	5.e-004	0.	1.4e-002	31.028
344	1.e-003	5.e-004	1.4e-002	31.114
345	1.e-003	-5.e-004	1.4e-002	31.114
346	1.5e-003	0.	1.4e-002	31.208
347	1.e-003	0.	1.25e-002	36.925
348	5.e-004	0.	1.3e-002	35.372
349	1.e-003	5.e-004	1.3e-002	35.363
350	1.e-003	-5.e-004	1.3e-002	35.363
351	1.5e-003	0.	1.3e-002	35.241
352	1.e-003	0.	1.15e-002	38.928
353	5.e-004	0.	1.2e-002	38.266
354	1.e-003	5.e-004	1.2e-002	38.192
355	1.e-003	-5.e-004	1.2e-002	38.192
356	1.5e-003	0.	1.2e-002	37.922
357	1.e-003	0.	1.05e-002	39.146
358	5.e-004	0.	1.1e-002	39.427
359	1.e-003	5.e-004	1.1e-002	39.331
360	1.e-003	-5.e-004	1.1e-002	39.331
361	1.5e-003	0.	1.1e-002	38.997
362	1.e-003	0.	9.5e-003	37.461
363	5.e-004	0.	1.e-002	38.674
364	1.e-003	5.e-004	1.e-002	38.608
365	1.e-003	-5.e-004	1.e-002	38.608
366	1.5e-003	0.	1.e-002	38.315
367	1.e-003	0.	8.5e-003	33.875
368	5.e-004	0.	9.e-003	35.932
369	1.e-003	5.e-004	9.e-003	35.964
370	1.e-003	-5.e-004	9.e-003	35.964
371	1.5e-003	0.	9.e-003	35.844
372	1.e-003	0.	7.5e-003	28.52
373	5.e-004	0.	8.e-003	31.236
374	1.e-003	5.e-004	8.e-003	31.463
375	1.e-003	-5.e-004	8.e-003	31.463
376	1.5e-003	0.	8.e-003	31.691
377	1.e-003	0.	6.5e-003	21.724
378	5.e-004	0.	7.e-003	24.733
379	1.e-003	5.e-004	7.e-003	25.321
380	1.e-003	-5.e-004	7.e-003	25.321
381	1.5e-003	0.	7.e-003	26.173
382	1.e-003	0.	5.5e-003	14.331
383	5.e-004	0.	6.e-003	16.716
384	1.e-003	5.e-004	6.e-003	18.041
385	1.e-003	-5.e-004	6.e-003	18.041
386	1.5e-003	0.	6.e-003	20.037
387	1.e-003	0.	4.5e-003	9.6956
388	5.e-004	0.	5.e-003	8.
389	1.e-003	5.e-004	5.e-003	11.229
390	1.e-003	-5.e-004	5.e-003	11.229
391	1.5e-003	0.	5.e-003	15.25
392	1.e-003	0.	3.5e-003	14.26
393	5.e-004	0.	4.e-003	6.453
394	1.e-003	5.e-004	4.e-003	10.838
395	1.e-003	-5.e-004	4.e-003	10.838
396	1.5e-003	0.	4.e-003	15.787
397	1.e-003	0.	2.5e-003	23.975
398	5.e-004	0.	3.e-003	16.37
399	1.e-003	5.e-004	3.e-003	18.818
400	1.e-003	-5.e-004	3.e-003	18.818
401	1.5e-003	0.	3.e-003	22.441
402	1.e-003	0.	1.5e-003	34.95
403	5.e-004	0.	2.e-003	27.762
404	1.e-003	5.e-004	2.e-003	29.384
405	1.e-003	-5.e-004	2.e-003	29.384
406	1.5e-003	0.	2.e-003	31.979
407	5.e-004	0.	1.e-003	39.353
408	1.e-003	5.e-004	1.e-003	40.551
409	1.e-003	-5.e-004	1.e-003	40.551
410	1.e-003	0.	5.e-004	46.156
411	1.5e-003	0.	1.e-003	42.508
412	8.6736e-019	0.	1.85e-002	4.9704
413	-5.e-004	0.	1.9e-002	2.9119
414	0.	5.e-004	1.9e-002	2.7451
415	0.	-5.e-004	1.9e-002	2.7451
416	0.	0.	1.95e-002	1.1195
417	8.6736e-019	0.	1.75e-002	10.27
418	-5.e-004	0.	1.8e-002	7.6439
419	2.6021e-018	5.e-004	1.8e-002	7.4363
420	8.6736e-019	-5.e-004	1.8e-002	7.4363
421	0.	0.	1.65e-002	16.328
422	-5.e-004	0.	1.7e-002	13.384
423	0.	5.e-004	1.7e-002	13.224
424	0.	-5.e-004	1.7e-002	13.224
425	0.	0.	1.55e-002	22.547
426	-5.e-004	0.	1.6e-002	19.556
427	0.	5.e-004	1.6e-002	19.449
428	0.	-5.e-004	1.6e-002	19.449
429	0.	0.	1.45e-002	28.387
430	-5.e-004	0.	1.5e-002	25.606
431	0.	5.e-004	1.5e-002	25.562
432	0.	-5.e-004	1.5e-002	25.562
433	0.	0.	1.35e-002	33.36
434	-5.e-004	0.	1.4e-002	31.028
435	0.	5.e-004	1.4e-002	31.04
436	0.	-5.e-004	1.4e-002	31.04
437	0.	0.	1.25e-002	37.05
438	-5.e-004	0.	1.3e-002	35.372
439	0.	5.e-004	1.3e-002	35.432
440	0.	-5.e-004	1.3e-002	35.432
441	0.	0.	1.15e-002	39.123
442	-5.e-004	0.	1.2e-002	38.266
443	0.	5.e-004	1.2e-002	38.359
444	0.	-5.e-004	1.2e-002	38.359
445	-4.3368e-019	0.	1.05e-002	39.344
446	-5.e-004	0.	1.1e-002	39.427
447	0.	5.e-004	1.1e-002	39.536
448	0.	-5.e-004	1.1e-002	39.536
449	-4.3368e-019	0.	9.5e-003	37.579
450	-5.e-004	0.	1.e-002	38.674
451	-1.6263e-018	5.e-004	1.e-002	38.777
452	-5.421e-019	-5.e-004	1.e-002	38.777
453	0.	0.	8.5e-003	33.803
454	-5.e-004	0.	9.e-003	35.932
455	0.	5.e-004	9.e-003	36.003
456	0.	-5.e-004	9.e-003	36.003
457	0.	0.	7.5e-003	28.088
458	-5.e-004	0.	8.e-003	31.236
459	0.	5.e-004	8.e-003	31.239
460	0.	-5.e-004	8.e-003	31.239
461	2.1684e-019	0.	6.5e-003	20.605
462	-5.e-004	0.	7.e-003	24.733
463	0.	5.e-004	7.e-003	24.608
464	0.	-5.e-004	7.e-003	24.608
465	2.1684e-019	0.	5.5e-003	11.598
466	-5.e-004	0.	6.e-003	16.716
467	6.5052e-019	5.e-004	6.e-003	16.32
468	2.1684e-019	-5.e-004	6.e-003	16.32
469	0.	0.	4.5e-003	1.3772
470	-5.e-004	0.	5.e-003	8.
471	0.	5.e-004	5.e-003	6.6558
472	0.	-5.e-004	5.e-003	6.6558
473	0.	0.	3.5e-003	9.7131
474	-5.e-004	0.	4.e-003	6.453
475	-3.2526e-019	5.e-004	4.e-003	4.0544
476	-1.0842e-019	-5.e-004	4.e-003	4.0544
477	0.	0.	2.5e-003	21.315
478	-5.e-004	0.	3.e-003	16.37
479	0.	5.e-004	3.e-003	15.454
480	0.	-5.e-004	3.e-003	15.454
481	0.	0.	1.5e-003	33.089
482	-5.e-004	0.	2.e-003	27.762
483	0.	5.e-004	2.e-003	27.191
484	0.	-5.e-004	2.e-003	27.191
485	-5.e-004	0.	1.e-003	39.353
486	0.	5.e-004	1.e-003	38.94
487	0.	-5.e-004	1.e-003	38.94
488	0.	0.	5.e-004	44.736
489	-1.e-003	0.	1.85e-002	5.5928
490	-1.e-003	5.e-004	1.9e-002	3.3423
491	-1.e-003	-5.e-004	1.9e-002	3.3423
492	-1.e-003	0.	1.95e-002	1.3296
493	-1.5e-003	0.	1.9e-002	4.0507
494	-1.e-003	0.	1.75e-002	10.918
495	-1.e-003	5.e-004	1.8e-002	8.1091
496	-1.e-003	-5.e-004	1.8e-002	8.1091
497	-1.5e-003	0.	1.8e-002	9.1327
498	-1.e-003	0.	1.65e-002	16.847
499	-1.e-003	5.e-004	1.7e-002	13.815
500	-1.e-003	-5.e-004	1.7e-002	13.815
501	-1.5e-003	0.	1.7e-002	14.68
502	-1.e-003	0.	1.55e-002	22.888
503	-1.e-003	5.e-004	1.6e-002	19.879
504	-1.e-003	-5.e-004	1.6e-002	19.879
505	-1.5e-003	0.	1.6e-002	20.507
506	-1.e-003	0.	1.45e-002	28.546
507	-1.e-003	5.e-004	1.5e-002	25.808
508	-1.e-003	-5.e-004	1.5e-002	25.808
509	-1.5e-003	0.	1.5e-002	26.162
510	-1.e-003	0.	1.35e-002	33.358
511	-1.e-003	5.e-004	1.4e-002	31.114
512	-1.e-003	-5.e-004	1.4e-002	31.114
513	-1.5e-003	0.	1.4e-002	31.208
514	-1.e-003	0.	1.25e-002	36.925
515	-1.e-003	5.e-004	1.3e-002	35.363
516	-1.e-003	-5.e-004	1.3e-002	35.363
517	-1.5e-003	0.	1.3e-002	35.241
518	-1.e-003	0.	1.15e-002	38.928
519	-1.e-003	5.e-004	1.2e-002	38.192
520	-1.e-003	-5.e-004	1.2e-002	38.192
521	-1.5e-003	0.	1.2e-002	37.922
522	-1.e-003	0.	1.05e-002	39.146
523	-1.e-003	5.e-004	1.1e-002	39.331
524	-1.e-003	-5.e-004	1.1e-002	39.331
525	-1.5e-003	0.	1.1e-002	38.997
526	-1.e-003	0.	9.5e-003	37.461
527	-1.e-003	5.e-004	1.e-002	38.608
528	-1.e-003	-5.e-004	1.e-002	38.608
529	-1.5e-003	0.	1.e-002	38.315
530	-1.e-003	0.	8.5e-003	33.875
531	-1.e-003	5.e-004	9.e-003	35.964
532	-1.e-003	-5.e-004	9.e-003	35.964
533	-1.5e-003	0.	9.e-003	35.844
534	-1.e-003	0.	7.5e-003	28.52
535	-1.e-003	5.e-004	8.e-003	31.463
536	-1.e-003	-5.e-004	8.e-003	31.463
537	-1.5e-003	0.	8.e-003	31.691
538	-1.e-003	0.	6.5e-003	21.724
539	-1.e-003	5.e-004	7.e-003	25.321
540	-1.e-003	-5.e-004	7.e-003	25.321
541	-1.5e-003	0.	7.e-003	26.173
542	-1.e-003	0.	5.5e-003	14.331
543	-1.e-003	5.e-004	6.e-003	18.041
544	-1.e-003	-5.e-004	6.e-003	18.041
545	-1.5e-003	0.	6.e-003	20.037
546	-1.e-003	0.	4.5e-003	9.6956
547	-1.e-003	5.e-004	5.e-003	11.229
548	-1.e-003	-5.e-004	5.e-003	11.229
549	-1.5e-003	0.	5.e-003	15.25
550	-1.e-003	0.	3.5e-003	14.26
551	-1.e-003	5.e-004	4.e-003	10.838
552	-1.e-003	-5.e-004	4.e-003	10.838
553	-1.5e-003	0.	4.e-003	15.787
554	-1.e-003	0.	2.5e-003	23.975
555	-1.e-003	5.e-004	3.e-003	18.818
556	-1.e-003	-5.e-004	3.e-003	18.818
557	-1.5e-003	0.	3.e-003	22.441
558	-1.e-003	0.	1.5e-003	34.95
559	-1.e-003	5.e-004	2.e-003	29.384
560	-1.e-003	-5.e-004	2.e-003	29.384
561	-1.5e-003	0.	2.e-003	31.979
562	-1.e-003	5.e-004	1.e-003	40.551
563	-1.e-003	-5.e-004	1.e-003	40.551
564	-1.e-003	0.	5.e-004	46.156
565	-1.5e-003	0.	1.e-003	42.508
566	-1.e-003	1.e-003	1.5e-003	34.92
567	-5.e-004	1.e-003	1.e-003	39.339
568	-1.e-003	1.e-003	5.e-004	46.146
569	-1.5e-003	1.e-003	1.e-003	42.486
570	-1.e-003	1.e-003	2.5e-003	23.915
571	-5.e-004	1.e-003	2.e-003	27.722
572	-1.5e-003	1.e-003	2.e-003	31.929
573	-1.e-003	1.e-003	3.5e-003	14.173
574	-5.e-004	1.e-003	3.e-003	16.297
575	-1.5e-003	1.e-003	3.e-003	22.357
576	-1.e-003	1.e-003	4.5e-003	9.6791
577	-5.e-004	1.e-003	4.e-003	6.3698
578	-1.5e-003	1.e-003	4.e-003	15.706
579	-1.e-003	1.e-003	5.5e-003	14.449
580	-5.e-004	1.e-003	5.e-003	8.1134
581	-1.5e-003	1.e-003	5.e-003	15.269
582	-1.e-003	1.e-003	6.5e-003	21.909
583	-5.e-004	1.e-003	6.e-003	16.894
584	-1.5e-003	1.e-003	6.e-003	20.164
585	-1.e-003	1.e-003	7.5e-003	28.745
586	-5.e-004	1.e-003	7.e-003	24.947
587	-1.5e-003	1.e-003	7.e-003	26.37
588	-1.e-003	1.e-003	8.5e-003	34.125
589	-5.e-004	1.e-003	8.e-003	31.475
590	-1.5e-003	1.e-003	8.e-003	31.931
591	-1.e-003	1.e-003	9.5e-003	37.72
592	-5.e-004	1.e-003	9.e-003	36.184
593	-1.5e-003	1.e-003	9.e-003	36.106
594	-1.e-003	1.e-003	1.05e-002	39.399
595	-5.e-004	1.e-003	1.e-002	38.926
596	-1.5e-003	1.e-003	1.e-002	38.582
597	-1.e-003	1.e-003	1.15e-002	39.161
598	-5.e-004	1.e-003	1.1e-002	39.666
599	-1.5e-003	1.e-003	1.1e-002	39.25
600	-1.e-003	1.e-003	1.25e-002	37.123
601	-5.e-004	1.e-003	1.2e-002	38.478
602	-1.5e-003	1.e-003	1.2e-002	38.145
603	-1.e-003	1.e-003	1.35e-002	33.507
604	-5.e-004	1.e-003	1.3e-002	35.545
605	-1.5e-003	1.e-003	1.3e-002	35.418
606	-1.e-003	1.e-003	1.45e-002	28.634
607	-5.e-004	1.e-003	1.4e-002	31.149
608	-1.5e-003	1.e-003	1.4e-002	31.324
609	-1.e-003	1.e-003	1.55e-002	22.905
610	-5.e-004	1.e-003	1.5e-002	25.664
611	-1.5e-003	1.e-003	1.5e-002	26.205
612	-1.e-003	1.e-003	1.65e-002	16.787
613	-5.e-004	1.e-003	1.6e-002	19.544
614	-1.5e-003	1.e-003	1.6e-002	20.471
615	-1.e-003	1.e-003	1.75e-002	10.779
616	-5.e-004	1.e-003	1.7e-002	13.296
617	-1.5e-003	1.e-003	1.7e-002	14.563
618	-1.e-003	1.e-003	1.85e-002	5.4108
619	-5.e-004	1.e-003	1.8e-002	7.4784
620	-1.5e-003	1.e-003	1.8e-002	8.951
621	-5.e-004	1.e-003	1.9e-002	2.73
622	-1.e-003	1.e-003	1.95e-002	1.3022
623	-1.5e-003	1.e-003	1.9e-002	3.9161
624	0.	1.e-003	1.5e-003	33.065
625	5.e-004	1.e-003	1.e-003	39.339
626	0.	1.e-003	5.e-004	44.736
627	0.	1.e-003	2.5e-003	21.261
628	5.e-004	1.e-003	2.e-003	27.722
629	0.	1.e-003	3.5e-003	9.623
630	5.e-004	1.e-003	3.e-003	16.297
631	0.	1.e-003	4.5e-003	1.5062
632	5.e-004	1.e-003	4.e-003	6.3698
633	4.3368e-019	1.e-003	5.5e-003	11.765
634	5.e-004	1.e-003	5.e-003	8.1134
635	4.3368e-019	1.e-003	6.5e-003	20.806
636	5.e-004	1.e-003	6.e-003	16.894
637	0.	1.e-003	7.5e-003	28.317
638	5.e-004	1.e-003	7.e-003	24.947
639	0.	1.e-003	8.5e-003	34.048
640	5.e-004	1.e-003	8.e-003	31.475
641	-8.6736e-019	1.e-003	9.5e-003	37.831
642	5.e-004	1.e-003	9.e-003	36.184
643	-8.6736e-019	1.e-003	1.05e-002	39.589
644	5.e-004	1.e-003	1.e-002	38.926
645	0.	1.e-003	1.15e-002	39.349
646	5.e-004	1.e-003	1.1e-002	39.666
647	0.	1.e-003	1.25e-002	37.243
648	5.e-004	1.e-003	1.2e-002	38.478
649	0.	1.e-003	1.35e-002	33.509
650	5.e-004	1.e-003	1.3e-002	35.545
651	0.	1.e-003	1.45e-002	28.479
652	5.e-004	1.e-003	1.4e-002	31.149
653	0.	1.e-003	1.55e-002	22.573
654	5.e-004	1.e-003	1.5e-002	25.664
655	0.	1.e-003	1.65e-002	16.282
656	5.e-004	1.e-003	1.6e-002	19.544
657	1.7347e-018	1.e-003	1.75e-002	10.145
658	5.e-004	1.e-003	1.7e-002	13.296
659	1.7347e-018	1.e-003	1.85e-002	4.7753
660	5.e-004	1.e-003	1.8e-002	7.4784
661	5.e-004	1.e-003	1.9e-002	2.73
662	0.	1.e-003	1.95e-002	0.95787
663	1.e-003	1.e-003	1.5e-003	34.92
664	1.e-003	1.e-003	5.e-004	46.146
665	1.5e-003	1.e-003	1.e-003	42.486
666	1.e-003	1.e-003	2.5e-003	23.915
667	1.5e-003	1.e-003	2.e-003	31.929
668	1.e-003	1.e-003	3.5e-003	14.173
669	1.5e-003	1.e-003	3.e-003	22.357
670	1.e-003	1.e-003	4.5e-003	9.6791
671	1.5e-003	1.e-003	4.e-003	15.706
672	1.e-003	1.e-003	5.5e-003	14.449
673	1.5e-003	1.e-003	5.e-003	15.269
674	1.e-003	1.e-003	6.5e-003	21.909
675	1.5e-003	1.e-003	6.e-003	20.164
676	1.e-003	1.e-003	7.5e-003	28.745
677	1.5e-003	1.e-003	7.e-003	26.37
678	1.e-003	1.e-003	8.5e-003	34.125
679	1.5e-003	1.e-003	8.e-003	31.931
680	1.e-003	1.e-003	9.5e-003	37.72
681	1.5e-003	1.e-003	9.e-003	36.106
682	1.e-003	1.e-003	1.05e-002	39.399
683	1.5e-003	1.e-003	1.e-002	38.582
684	1.e-003	1.e-003	1.15e-002	39.161
685	1.5e-003	1.e-003	1.1e-002	39.25
686	1.e-003	1.e-003	1.25e-002	37.123
687	1.5e-003	1.e-003	1.2e-002	38.145
688	1.e-003	1.e-003	1.35e-002	33.507
689	1.5e-003	1.e-003	1.3e-002	35.418
690	1.e-003	1.e-003	1.45e-002	28.634
691	1.5e-003	1.e-003	1.4e-002	31.324
692	1.e-003	1.e-003	1.55e-002	22.905
693	1.5e-003	1.e-003	1.5e-002	26.205
694	1.e-003	1.e-003	1.65e-002	16.787
695	1.5e-003	1.e-003	1.6e-002	20.471
696	1.e-003	1.e-003	1.75e-002	10.779
697	1.5e-003	1.e-003	1.7e-002	14.563
698	1.e-003	1.e-003	1.85e-002	5.4108
699	1.5e-003	1.e-003	1.8e-002	8.951
700	1.e-003	1.e-003	1.95e-002	1.3022
701	1.5e-003	1.e-003	1.9e-002	3.9161
702	1.e-003	-1.e-003	1.85e-002	5.4108
703	5.e-004	-1.e-003	1.9e-002	2.73
704	1.5e-003	-1.e-003	1.9e-002	3.9161
705	1.e-003	-1.e-003	1.95e-002	1.3022
706	1.e-003	-1.e-003	1.75e-002	10.779
707	5.e-004	-1.e-003	1.8e-002	7.4784
708	1.5e-003	-1.e-003	1.8e-002	8.951
709	1.e-003	-1.e-003	1.65e-002	16.787
710	5.e-004	-1.e-003	1.7e-002	13.296
711	1.5e-003	-1.e-003	1.7e-002	14.563
712	1.e-003	-1.e-003	1.55e-002	22.905
713	5.e-004	-1.e-003	1.6e-002	19.544
714	1.5e-003	-1.e-003	1.6e-002	20.471
715	1.e-003	-1.e-003	1.45e-002	28.634
716	5.e-004	-1.e-003	1.5e-002	25.664
717	1.5e-003	-1.e-003	1.5e-002	26.205
718	1.e-003	-1.e-003	1.35e-002	33.507
719	5.e-004	-1.e-003	1.4e-002	31.149
720	1.5e-003	-1.e-003	1.4e-002	31.324
721	1.e-003	-1.e-003	1.25e-002	37.123
722	5.e-004	-1.e-003	1.3e-002	35.545
723	1.5e-003	-1.e-003	1.3e-002	35.418
724	1.e-003	-1.e-003	1.15e-002	39.161
725	5.e-004	-1.e-003	1.2e-002	38.478
726	1.5e-003	-1.e-003	1.2e-002	38.145
727	1.e-003	-1.e-003	1.05e-002	39.399
728	5.e-004	-1.e-003	1.1e-002	39.666
729	1.5e-003	-1.e-003	1.1e-002	39.25
730	1.e-003	-1.e-003	9.5e-003	37.72
731	5.e-004	-1.e-003	1.e-002	38.926
732	1.5e-003	-1.e-003	1.e-002	38.582
733	1.e-003	-1.e-003	8.5e-003	34.125
734	5.e-004	-1.e-003	9.e-003	36.184
735	1.5e-003	-1.e-003	9.e-003	36.106
736	1.e-003	-1.e-003	7.5e-003	28.745
737	5.e-004	-1.e-003	8.e-003	31.475
738	1.5e-003	-1.e-003	8.e-003	31.931
739	1.e-003	-1.e-003	6.5e-003	21.909
740	5.e-004	-1.e-003	7.e-003	24.947
741	1.5e-003	-1.e-003	7.e-003	26.37
742	1.e-003	-1.e-003	5.5e-003	14.449
743	5.e-004	-1.e-003	6.e-003	16.894
744	1.5e-003	-1.e-003	6.e-003	20.164
745	1.e-003	-1.e-003	4.5e-003	9.6791
746	5.e-004	-1.e-003	5.e-003	8.1134
747	1.5e-003	-1.e-003	5.e-003	15.269
748	1.e-003	-1.e-003	3.5e-003	14.173
749	5.e-004	-1.e-003	4.e-003	6.3698
750	1.5e-003	-1.e-003	4.e-003	15.706
751	1.e-003	-1.e-003	2.5e-003	23.915
752	5.e-004	-1.e-003	3.e-003	16.297
753	1.5e-003	-1.e-003	3.e-003	22.357
754	1.e-003	-1.e-003	1.5e-003	34.92
755	5.e-004	-1.e-003	2.e-003	27.722
756	1.5e-003	-1.e-003	2.e-003	31.929
757	5.e-004	-1.e-003	1.e-003	39.339
758	1.5e-003	-1.e-003	1.e-003	42.486
759	1.e-003	-1.e-003	5.e-004	46.146
760	0.	-1.e-003	1.85e-002	4.7753
761	-5.e-004	-1.e-003	1.9e-002	2.73
762	0.	-1.e-003	1.95e-002	0.95787
763	0.	-1.e-003	1.75e-002	10.145
764	-5.e-004	-1.e-003	1.8e-002	7.4784
765	0.	-1.e-003	1.65e-002	16.282
766	-5.e-004	-1.e-003	1.7e-002	13.296
767	0.	-1.e-003	1.55e-002	22.573
768	-5.e-004	-1.e-003	1.6e-002	19.544
769	0.	-1.e-003	1.45e-002	28.479
770	-5.e-004	-1.e-003	1.5e-002	25.664
771	0.	-1.e-003	1.35e-002	33.509
772	-5.e-004	-1.e-003	1.4e-002	31.149
773	0.	-1.e-003	1.25e-002	37.243
774	-5.e-004	-1.e-003	1.3e-002	35.545
775	0.	-1.e-003	1.15e-002	39.349
776	-5.e-004	-1.e-003	1.2e-002	38.478
777	0.	-1.e-003	1.05e-002	39.589
778	-5.e-004	-1.e-003	1.1e-002	39.666
779	0.	-1.e-003	9.5e-003	37.831
780	-5.e-004	-1.e-003	1.e-002	38.926
781	0.	-1.e-003	8.5e-003	34.048
782	-5.e-004	-1.e-003	9.e-003	36.184
783	0.	-1.e-003	7.5e-003	28.317
784	-5.e-004	-1.e-003	8.e-003	31.475
785	0.	-1.e-003	6.5e-003	20.806
786	-5.e-004	-1.e-003	7.e-003	24.947
787	0.	-1.e-003	5.5e-003	11.765
788	-5.e-004	-1.e-003	6.e-003	16.894
789	0.	-1.e-003	4.5e-003	1.5062
790	-5.e-004	-1.e-003	5.e-003	8.1134
791	0.	-1.e-003	3.5e-003	9.623
792	-5.e-004	-1.e-003	4.e-003	6.3698
793	0.	-1.e-003	2.5e-003	21.261
794	-5.e-004	-1.e-003	3.e-003	16.297
795	0.	-1.e-003	1.5e-003	33.065
796	-5.e-004	-1.e-003	2.e-003	27.722
797	-5.e-004	-1.e-003	1.e-003	39.339
798	0.	-1.e-003	5.e-004	44.736
799	-1.e-003	-1.e-003	1.85e-002	5.4108
800	-1.5e-003	-1.e-003	1.9e-002	3.9161
801	-1.e-003	-1.e-003	1.95e-002	1.3022
802	-1.e-003	-1.e-003	1.75e-002	10.779
803	-1.5e-003	-1.e-003	1.8e-002	8.951
804	-1.e-003	-1.e-003	1.65e-002	16.787
805	-1.5e-003	-1.e-003	1.7e-002	14.563
806	-1.e-003	-1.e-003	1.55e-002	22.905
807	-1.5e-003	-1.e-003	1.6e-002	20.471
808	-1.e-003	-1.e-003	1.45e-002	28.634
809	-1.5e-003	-1.e-003	1.5e-002	26.205
810	-1.e-003	-1.e-003	1.35e-002	33.507
811	-1.5e-003	-1.e-003	1.4e-002	31.324
812	-1.e-003	-1.e-003	1.25e-002	37.123
813	-1.5e-003	-1.e-003	1.3e-002	35.418
814	-1.e-003	-1.e-003	1.15e-002	39.161
815	-1.5e-003	-1.e-003	1.2e-002	38.145
816	-1.e-003	-1.e-003	1.05e-002	39.399
817	-1.5e-003	-1.e-003	1.1e-002	39.25
818	-1.e-003	-1.e-003	9.5e-003	37.72
819	-1.5e-003	-1.e-003	1.e-002	38.582
820	-1.e-003	-1.e-003	8.5e-003	34.125
821	-1.5e-003	-1.e-003	9.e-003	36.106
822	-1.e-003	-1.e-003	7.5e-003	28.745
823	-1.5e-003	-1.e-003	8.e-003	31.931
824	-1.e-003	-1.e-003	6.5e-003	21.909
825	-1.5e-003	-1.e-003	7.e-003	26.37
826	-1.e-003	-1.e-003	5.5e-003	14.449
827	-1.5e-003	-1.e-003	6.e-003	20.164
828	-1.e-003	-1.e-003	4.5e-003	9.6791
829	-1.5e-003	-1.e-003	5.e-003	15.269
830	-1.e-003	-1.e-003	3.5e-003	14.173
831	-1.5e-003	-1.e-003	4.e-003	15.706
832	-1.e-003	-1.e-003	2.5e-003	23.915
833	-1.5e-003	-1.e-003	3.e-003	22.357
834	-1.e-003	-1.e-003	1.5e-003	34.92
835	-1.5e-003	-1.e-003	2.e-003	31.929
836	-1.5e-003	-1.e-003	1.e-003	42.486
837	-1.e-003	-1.e-003	5.e-004	46.146
838	2.e-003	-1.e-003	1.85e-002	7.9435
839	2.e-003	-1.e-003	1.95e-002	2.9603
840	2.e-003	-5.e-004	1.9e-002	5.5032
841	2.e-003	-1.e-003	1.75e-002	13.167
842	2.e-003	-5.e-004	1.8e-002	10.616
843	2.e-003	-1.e-003	1.65e-002	18.705
844	2.e-003	-5.e-004	1.7e-002	16.021
845	2.e-003	-1.e-003	1.55e-002	24.199
846	2.e-003	-5.e-004	1.6e-002	21.517
847	2.e-003	-1.e-003	1.45e-002	29.284
848	2.e-003	-5.e-004	1.5e-002	26.792
849	2.e-003	-1.e-003	1.35e-002	33.582
850	2.e-003	-5.e-004	1.4e-002	31.47
851	2.e-003	-1.e-003	1.25e-002	36.756
852	2.e-003	-5.e-004	1.3e-002	35.194
853	2.e-003	-1.e-003	1.15e-002	38.537
854	2.e-003	-5.e-004	1.2e-002	37.661
855	2.e-003	-1.e-003	1.05e-002	38.747
856	2.e-003	-5.e-004	1.1e-002	38.647
857	2.e-003	-1.e-003	9.5e-003	37.323
858	2.e-003	-5.e-004	1.e-002	38.03
859	2.e-003	-1.e-003	8.5e-003	34.343
860	2.e-003	-5.e-004	9.e-003	35.813
861	2.e-003	-1.e-003	7.5e-003	30.082
862	2.e-003	-5.e-004	8.e-003	32.164
863	2.e-003	-1.e-003	6.5e-003	25.162
864	2.e-003	-5.e-004	7.e-003	27.505
865	2.e-003	-1.e-003	5.5e-003	20.912
866	2.e-003	-5.e-004	6.e-003	22.751
867	2.e-003	-1.e-003	4.5e-003	19.723
868	2.e-003	-5.e-004	5.e-003	19.769
869	2.e-003	-1.e-003	3.5e-003	23.387
870	2.e-003	-5.e-004	4.e-003	21.021
871	2.e-003	-1.e-003	2.5e-003	30.809
872	2.e-003	-5.e-004	3.e-003	26.825
873	2.e-003	-1.e-003	1.5e-003	40.117
874	2.e-003	-5.e-004	2.e-003	35.355
875	2.e-003	-1.e-003	5.e-004	50.197
876	2.e-003	-5.e-004	1.e-003	45.119
877	-2.e-003	-1.e-003	1.85e-002	7.9435
878	-2.e-003	-1.e-003	1.95e-002	2.9603
879	-2.e-003	-5.e-004	1.9e-002	5.5032
880	-2.e-003	-1.e-003	1.75e-002	13.167
881	-2.e-003	-5.e-004	1.8e-002	10.616
882	-2.e-003	-1.e-003	1.65e-002	18.705
883	-2.e-003	-5.e-004	1.7e-002	16.021
884	-2.e-003	-1.e-003	1.55e-002	24.199
885	-2.e-003	-5.e-004	1.6e-002	21.517
886	-2.e-003	-1.e-003	1.45e-002	29.284
887	-2.e-003	-5.e-004	1.5e-002	26.792
888	-2.e-003	-1.e-003	1.35e-002	33.582
889	-2.e-003	-5.e-004	1.4e-002	31.47
890	-2.e-003	-1.e-003	1.25e-002	36.756
891	-2.e-003	-5.e-004	1.3e-002	35.194
892	-2.e-003	-1.e-003	1.15e-002	38.537
893	-2.e-003	-5.e-004	1.2e-002	37.661
894	-2.e-003	-1.e-003	1.05e-002	38.747
895	-2.e-003	-5.e-004	1.1e-002	38.647
896	-2.e-003	-1.e-003	9.5e-003	37.323
897	-2.e-003	-5.e-004	1.e-002	38.03
898	-2.e-003	-1.e-003	8.5e-003	34.343
899	-2.e-003	-5.e-004	9.e-003	35.813
900	-2.e-003	-1.e-003	7.5e-003	30.082
901	-2.e-003	-5.e-004	8.e-003	32.164
902	-2.e-003	-1.e-003	6.5e-003	25.162
903	-2.e-003	-5.e-004	7.e-003	27.505
904	-2.e-003	-1.e-003	5.5e-003	20.912
905	-2.e-003	-5.e-004	6.e-003	22.751
906	-2.e-003	-1.e-003	4.5e-003	19.723
907	-2.e-003	-5.e-004	5.e-003	19.769
908	-2.e-003	-1.e-003	3.5e-003	23.387
909	-2.e-003	-5.e-004	4.e-003	21.021
910	-2.e-003	-1.e-003	2.5e-003	30.809
911	-2.e-003	-5.e-004	3.e-003	26.825
912	-2.e-003	-1.e-003	1.5e-003	40.117
913	-2.e-003	-5.e-004	2.e-003	35.355
914	-2.e-003	-1.e-003	5.e-004	50.197
915	-2.e-003	-5.e-004	1.e-003	45.119
916	1.5e-003	-1.e-003	2.e-002	0.
917	2.e-003	-5.e-004	2.e-002	0.
918	5.e-004	-1.e-003	2.e-002	0.
919	1.e-003	-5.e-004	2.e-002	0.
920	-5.e-004	-1.e-003	2.e-002	0.
921	0.	-5.e-004	2.e-002	0.
922	-1.5e-003	-1.e-003	2.e-002	0.
923	-1.e-003	-5.e-004	2.e-002	0.
924	-2.e-003	-5.e-004	2.e-002	0.
925	1.5e-003	-1.e-003	0.	53.276
926	2.e-003	-5.e-004	0.	55.392
927	5.e-004	-1.e-003	0.	50.743
928	1.e-003	-5.e-004	0.	51.713
929	-5.e-004	-1.e-003	0.	50.743
930	0.	-5.e-004	0.	50.408
931	-1.5e-003	-1.e-003	0.	53.276
932	-1.e-003	-5.e-004	0.	51.713
933	-2.e-003	-5.e-004	0.	55.392
934	5.e-004	0.	0.	50.747
935	1.e-003	5.e-004	0.	51.713
936	1.5e-003	0.	0.	53.29
937	-5.e-004	0.	0.	50.747
938	0.	5.e-004	0.	50.408
939	-1.e-003	5.e-004	0.	51.713
940	-1.5e-003	0.	0.	53.29
941	5.e-004	1.e-003	0.	50.743
942	1.5e-003	1.e-003	0.	53.276
943	-5.e-004	1.e-003	0.	50.743
944	-1.5e-003	1.e-003	0.	53.276
945	2.e-003	5.e-004	0.	55.392
946	2.e-003	1.e-003	5.e-004	50.197
947	2.e-003	0.	5.e-004	50.215
948	-2.e-003	5.e-004	0.	55.392
949	-2.e-003	0.	5.e-004	50.215
950	-2.e-003	1.e-003	5.e-004	50.197
951	5.e-004	0.	2.e-002	0.
952	1.e-003	5.e-004	2.e-002	0.
953	1.5e-003	0.	2.e-002	0.
954	-5.e-004	0.	2.e-002	0.
955	0.	5.e-004	2.e-002	0.
956	-1.e-003	5.e-004	2.e-002	0.
957	-1.5e-003	0.	2.e-002	0.
958	5.e-004	1.e-003	2.e-002	0.
959	1.5e-003	1.e-003	2.e-002	0.
960	-5.e-004	1.e-003	2.e-002	0.
961	-1.5e-003	1.e-003	2.e-002	0.
962	2.e-003	5.e-004	2.e-002	0.
963	2.e-003	1.e-003	1.95e-002	2.9603
964	2.e-003	0.	1.95e-002	2.8311
965	-2.e-003	5.e-004	2.e-002	0.
966	-2.e-003	0.	1.95e-002	2.8311
967	-2.e-003	1.e-003	1.95e-002	2.9603
968	-2.e-003	0.	1.85e-002	8.1074
969	-2.e-003	5.e-004	1.9e-002	5.5032
970	-2.e-003	0.	1.75e-002	13.318
971	-2.e-003	5.e-004	1.8e-002	10.616
972	-2.e-003	0.	1.65e-002	18.792
973	-2.e-003	5.e-004	1.7e-002	16.021
974	-2.e-003	0.	1.55e-002	24.203
975	-2.e-003	5.e-004	1.6e-002	21.517
976	-2.e-003	0.	1.45e-002	29.208
977	-2.e-003	5.e-004	1.5e-002	26.792
978	-2.e-003	0.	1.35e-002	33.434
979	-2.e-003	5.e-004	1.4e-002	31.47
980	-2.e-003	0.	1.25e-002	36.549
981	-2.e-003	5.e-004	1.3e-002	35.194
982	-2.e-003	0.	1.15e-002	38.287
983	-2.e-003	5.e-004	1.2e-002	37.661
984	-2.e-003	0.	1.05e-002	38.474
985	-2.e-003	5.e-004	1.1e-002	38.647
986	-2.e-003	0.	9.5e-003	37.047
987	-2.e-003	5.e-004	1.e-002	38.03
988	-2.e-003	0.	8.5e-003	34.084
989	-2.e-003	5.e-004	9.e-003	35.813
990	-2.e-003	0.	7.5e-003	29.864
991	-2.e-003	5.e-004	8.e-003	32.164
992	-2.e-003	0.	6.5e-003	25.01
993	-2.e-003	5.e-004	7.e-003	27.505
994	-2.e-003	0.	5.5e-003	20.856
995	-2.e-003	5.e-004	6.e-003	22.751
996	-2.e-003	0.	4.5e-003	19.767
997	-2.e-003	5.e-004	5.e-003	19.769
998	-2.e-003	0.	3.5e-003	23.471
999	-2.e-003	5.e-004	4.e-003	21.021
1000	-2.e-003	0.	2.5e-003	30.875
1001	-2.e-003	5.e-004	3.e-003	26.825
1002	-2.e-003	0.	1.5e-003	40.15
1003	-2.e-003	5.e-004	2.e-003	35.355
1004	-2.e-003	5.e-004	1.e-003	45.119
1005	-2.e-003	1.e-003	1.5e-003	40.117
1006	-2.e-003	1.e-003	2.5e-003	30.809
1007	-2.e-003	1.e-003	3.5e-003	23.387
1008	-2.e-003	1.e-003	4.5e-003	19.723
1009	-2.e-003	1.e-003	5.5e-003	20.912
1010	-2.e-003	1.e-003	6.5e-003	25.162
1011	-2.e-003	1.e-003	7.5e-003	30.082
1012	-2.e-003	1.e-003	8.5e-003	34.343
1013	-2.e-003	1.e-003	9.5e-003	37.323
1014	-2.e-003	1.e-003	1.05e-002	38.747
1015	-2.e-003	1.e-003	1.15e-002	38.537
1016	-2.e-003	1.e-003	1.25e-002	36.756
1017	-2.e-003	1.e-003	1.35e-002	33.582
1018	-2.e-003	1.e-003	1.45e-002	29.284
1019	-2.e-003	1.e-003	1.55e-002	24.199
1020	-2.e-003	1.e-003	1.65e-002	18.705
1021	-2.e-003	1.e-003	1.75e-002	13.167
1022	-2.e-003	1.e-003	1.85e-002	7.9435
1023	2.e-003	0.	1.85e-002	8.1074
1024	2.e-003	5.e-004	1.9e-002	5.5032
1025	2.e-003	0.	1.75e-002	13.318
1026	2.e-003	5.e-004	1.8e-002	10.616
1027	2.e-003	0.	1.65e-002	18.792
1028	2.e-003	5.e-004	1.7e-002	16.021
1029	2.e-003	0.	1.55e-002	24.203
1030	2.e-003	5.e-004	1.6e-002	21.517
1031	2.e-003	0.	1.45e-002	29.208
1032	2.e-003	5.e-004	1.5e-002	26.792
1033	2.e-003	0.	1.35e-002	33.434
1034	2.e-003	5.e-004	1.4e-002	31.47
1035	2.e-003	0.	1.25e-002	36.549
1036	2.e-003	5.e-004	1.3e-002	35.194
1037	2.e-003	0.	1.15e-002	38.287
1038	2.e-003	5.e-004	1.2e-002	37.661
1039	2.e-003	0.	1.05e-002	38.474
1040	2.e-003	5.e-004	1.1e-002	38.647
1041	2.e-003	0.	9.5e-003	37.047
1042	2.e-003	5.e-004	1.e-002	38.03
1043	2.e-003	0.	8.5e-003	34.084
1044	2.e-003	5.e-004	9.e-003	35.813
1045	2.e-003	0.	7.5e-003	29.864
1046	2.e-003	5.e-004	8.e-003	32.164
1047	2.e-003	0.	6.5e-003	25.01
1048	2.e-003	5.e-004	7.e-003	27.505
1049	2.e-003	0.	5.5e-003	20.856
1050	2.e-003	5.e-004	6.e-003	22.751
1051	2.e-003	0.	4.5e-003	19.767
1052	2.e-003	5.e-004	5.e-003	19.769
1053	2.e-003	0.	3.5e-003	23.471
1054	2.e-003	5.e-004	4.e-003	21.021
1055	2.e-003	0.	2.5e-003	30.875
1056	2.e-003	5.e-004	3.e-003	26.825
1057	2.e-003	0.	1.5e-003	40.15
1058	2.e-003	5.e-004	2.e-003	35.355
1059	2.e-003	5.e-004	1.e-003	45.119
1060	2.e-003	1.e-003	1.5e-003	40.117
1061	2.e-003	1.e-003	2.5e-003	30.809
1062	2.e-003	1.e-003	3.5e-003	23.387
1063	2.e-003	1.e-003	4.5e-003	19.723
1064	2.e-003	1.e-003	5.5e-003	20.912
1065	2.e-003	1.e-003	6.5e-003	25.162
1066	2.e-003	1.e-003	7.5e-003	30.082
1067	2.e-003	1.e-003	8.5e-003	34.343
1068	2.e-003	1.e-003	9.5e-003	37.323
1069	2.e-003	1.e-003	1.05e-002	38.747
1070	2.e-003	1.e-003	1.15e-002	38.537
1071	2.e-003	1.e-003	1.25e-002	36.756
1072	2.e-003	1.e-003	1.35e-002	33.582
1073	2.e-003	1.e-003	1.45e-002	29.284
1074	2.e-003	1.e-003	1.55e-002	24.199
1075	2.e-003	1.e-003	1.65e-002	18.705
1076	2.e-003	1.e-003	1.75e-002	13.167
1077	2.e-003	1.e-003	1.85e-002	7.9435
