Node Number	X Location (m)	Y Location (m)	Z Location (m)	Total Deformation (m)
1	1.e-003	0.	1.9e-002	0.24282
2	1.e-003	0.	1.8e-002	0.93911
3	1.e-003	0.	1.7e-002	2.0652
4	1.e-003	0.	1.6e-002	3.583
5	1.e-003	0.	1.5e-002	5.4619
6	1.e-003	0.	1.4e-002	7.6685
7	1.e-003	0.	1.3e-002	10.17
8	1.e-003	0.	1.2e-002	12.932
9	1.e-003	0.	1.1e-002	15.925
10	1.e-003	0.	1.e-002	19.116
11	1.e-003	0.	9.e-003	22.476
12	1.e-003	0.	8.e-003	25.975
13	1.e-003	0.	7.e-003	29.589
14	1.e-003	0.	6.e-003	33.291
15	1.e-003	0.	5.e-003	37.059
16	1.e-003	0.	4.e-003	40.874
17	1.e-003	0.	3.e-003	44.718
18	1.e-003	0.	2.e-003	48.578
19	1.e-003	0.	1.e-003	52.443
20	0.	0.	1.9e-002	0.27242
21	1.7347e-018	0.	1.8e-002	0.98402
22	0.	0.	1.7e-002	2.1168
23	0.	0.	1.6e-002	3.6342
24	0.	0.	1.5e-002	5.5101
25	0.	0.	1.4e-002	7.7125
26	0.	0.	1.3e-002	10.209
27	0.	0.	1.2e-002	12.967
28	0.	0.	1.1e-002	15.955
29	-1.0842e-018	0.	1.e-002	19.142
30	0.	0.	9.e-003	22.497
31	0.	0.	8.e-003	25.993
32	0.	0.	7.e-003	29.603
33	4.3368e-019	0.	6.e-003	33.302
34	0.	0.	5.e-003	37.067
35	-2.1684e-019	0.	4.e-003	40.879
36	0.	0.	3.e-003	44.722
37	0.	0.	2.e-003	48.58
38	0.	0.	1.e-003	52.445
39	-1.e-003	0.	1.9e-002	0.24282
40	-1.e-003	0.	1.8e-002	0.93911
41	-1.e-003	0.	1.7e-002	2.0652
42	-1.e-003	0.	1.6e-002	3.583
43	-1.e-003	0.	1.5e-002	5.4619
44	-1.e-003	0.	1.4e-002	7.6685
45	-1.e-003	0.	1.3e-002	10.17
46	-1.e-003	0.	1.2e-002	12.932
47	-1.e-003	0.	1.1e-002	15.925
48	-1.e-003	0.	1.e-002	19.116
49	-1.e-003	0.	9.e-003	22.476
50	-1.e-003	0.	8.e-003	25.975
51	-1.e-003	0.	7.e-003	29.589
52	-1.e-003	0.	6.e-003	33.291
53	-1.e-003	0.	5.e-003	37.059
54	-1.e-003	0.	4.e-003	40.874
55	-1.e-003	0.	3.e-003	44.718
56	-1.e-003	0.	2.e-003	48.578
57	-1.e-003	0.	1.e-003	52.443
58	-1.e-003	1.e-003	1.e-003	52.586
59	-1.e-003	1.e-003	2.e-003	48.732
60	-1.e-003	1.e-003	3.e-003	44.886
61	-1.e-003	1.e-003	4.e-003	41.057
62	-1.e-003	1.e-003	5.e-003	37.259
63	-1.e-003	1.e-003	6.e-003	33.508
64	-1.e-003	1.e-003	7.e-003	29.826
65	-1.e-003	1.e-003	8.e-003	26.233
66	-1.e-003	1.e-003	9.e-003	22.754
67	-1.e-003	1.e-003	1.e-002	19.416
68	-1.e-003	1.e-003	1.1e-002	16.248
69	-1.e-003	1.e-003	1.2e-002	13.278
70	-1.e-003	1.e-003	1.3e-002	10.538
71	-1.e-003	1.e-003	1.4e-002	8.0579
72	-1.e-003	1.e-003	1.5e-002	5.8705
73	-1.e-003	1.e-003	1.6e-002	4.0058
74	-1.e-003	1.e-003	1.7e-002	2.492
75	-1.e-003	1.e-003	1.8e-002	1.3429
76	-1.e-003	1.e-003	1.9e-002	0.55104
77	0.	1.e-003	1.e-003	52.587
78	0.	1.e-003	2.e-003	48.734
79	0.	1.e-003	3.e-003	44.889
80	-4.3368e-019	1.e-003	4.e-003	41.062
81	0.	1.e-003	5.e-003	37.266
82	8.6736e-019	1.e-003	6.e-003	33.519
83	0.	1.e-003	7.e-003	29.839
84	0.	1.e-003	8.e-003	26.25
85	0.	1.e-003	9.e-003	22.775
86	-2.1684e-018	1.e-003	1.e-002	19.441
87	0.	1.e-003	1.1e-002	16.277
88	0.	1.e-003	1.2e-002	13.311
89	0.	1.e-003	1.3e-002	10.575
90	0.	1.e-003	1.4e-002	8.0989
91	0.	1.e-003	1.5e-002	5.9144
92	0.	1.e-003	1.6e-002	4.0509
93	0.	1.e-003	1.7e-002	2.5346
94	3.4694e-018	1.e-003	1.8e-002	1.3766
95	0.	1.e-003	1.9e-002	0.56586
96	1.e-003	1.e-003	1.e-003	52.586
97	1.e-003	1.e-003	2.e-003	48.732
98	1.e-003	1.e-003	3.e-003	44.886
99	1.e-003	1.e-003	4.e-003	41.057
100	1.e-003	1.e-003	5.e-003	37.259
101	1.e-003	1.e-003	6.e-003	33.508
102	1.e-003	1.e-003	7.e-003	29.826
103	1.e-003	1.e-003	8.e-003	26.233
104	1.e-003	1.e-003	9.e-003	22.754
105	1.e-003	1.e-003	1.e-002	19.416
106	1.e-003	1.e-003	1.1e-002	16.248
107	1.e-003	1.e-003	1.2e-002	13.278
108	1.e-003	1.e-003	1.3e-002	10.538
109	1.e-003	1.e-003	1.4e-002	8.0579
110	1.e-003	1.e-003	1.5e-002	5.8705
111	1.e-003	1.e-003	1.6e-002	4.0058
112	1.e-003	1.e-003	1.7e-002	2.492
113	1.e-003	1.e-003	1.8e-002	1.3429
114	1.e-003	1.e-003	1.9e-002	0.55104
115	1.e-003	-1.e-003	1.9e-002	0.55104
116	1.e-003	-1.e-003	1.8e-002	1.3429
117	1.e-003	-1.e-003	1.7e-002	2.492
118	1.e-003	-1.e-003	1.6e-002	4.0058
119	1.e-003	-1.e-003	1.5e-002	5.8705
120	1.e-003	-1.e-003	1.4e-002	8.0579
121	1.e-003	-1.e-003	1.3e-002	10.538
122	1.e-003	-1.e-003	1.2e-002	13.278
123	1.e-003	-1.e-003	1.1e-002	16.248
124	1.e-003	-1.e-003	1.e-002	19.416
125	1.e-003	-1.e-003	9.e-003	22.754
126	1.e-003	-1.e-003	8.e-003	26.233
127	1.e-003	-1.e-003	7.e-003	29.826
128	1.e-003	-1.e-003	6.e-003	33.508
129	1.e-003	-1.e-003	5.e-003	37.259
130	1.e-003	-1.e-003	4.e-003	41.057
131	1.e-003	-1.e-003	3.e-003	44.886
132	1.e-003	-1.e-003	2.e-003	48.732
133	1.e-003	-1.e-003	1.e-003	52.586
134	0.	-1.e-003	1.9e-002	0.56586
135	0.	-1.e-003	1.8e-002	1.3766
136	0.	-1.e-003	1.7e-002	2.5346
137	0.	-1.e-003	1.6e-002	4.0509
138	0.	-1.e-003	1.5e-002	5.9144
139	0.	-1.e-003	1.4e-002	8.0989
140	0.	-1.e-003	1.3e-002	10.575
141	0.	-1.e-003	1.2e-002	13.311
142	0.	-1.e-003	1.1e-002	16.277
143	0.	-1.e-003	1.e-002	19.441
144	0.	-1.e-003	9.e-003	22.775
145	0.	-1.e-003	8.e-003	26.25
146	0.	-1.e-003	7.e-003	29.839
147	0.	-1.e-003	6.e-003	33.519
148	0.	-1.e-003	5.e-003	37.266
149	0.	-1.e-003	4.e-003	41.062
150	0.	-1.e-003	3.e-003	44.889
151	0.	-1.e-003	2.e-003	48.734
152	0.	-1.e-003	1.e-003	52.587
153	-1.e-003	-1.e-003	1.9e-002	0.55104
154	-1.e-003	-1.e-003	1.8e-002	1.3429
155	-1.e-003	-1.e-003	1.7e-002	2.492
156	-1.e-003	-1.e-003	1.6e-002	4.0058
157	-1.e-003	-1.e-003	1.5e-002	5.8705
158	-1.e-003	-1.e-003	1.4e-002	8.0579
159	-1.e-003	-1.e-003	1.3e-002	10.538
160	-1.e-003	-1.e-003	1.2e-002	13.278
161	-1.e-003	-1.e-003	1.1e-002	16.248
162	-1.e-003	-1.e-003	1.e-002	19.416
163	-1.e-003	-1.e-003	9.e-003	22.754
164	-1.e-003	-1.e-003	8.e-003	26.233
165	-1.e-003	-1.e-003	7.e-003	29.826
166	-1.e-003	-1.e-003	6.e-003	33.508
167	-1.e-003	-1.e-003	5.e-003	37.259
168	-1.e-003	-1.e-003	4.e-003	41.057
169	-1.e-003	-1.e-003	3.e-003	44.886
170	-1.e-003	-1.e-003	2.e-003	48.732
171	-1.e-003	-1.e-003	1.e-003	52.586
172	2.e-003	-1.e-003	1.9e-002	0.52293
173	2.e-003	-1.e-003	1.8e-002	1.2446
174	2.e-003	-1.e-003	1.7e-002	2.3598
175	2.e-003	-1.e-003	1.6e-002	3.8666
176	2.e-003	-1.e-003	1.5e-002	5.7354
177	2.e-003	-1.e-003	1.4e-002	7.9322
178	2.e-003	-1.e-003	1.3e-002	10.424
179	2.e-003	-1.e-003	1.2e-002	13.177
180	2.e-003	-1.e-003	1.1e-002	16.159
181	2.e-003	-1.e-003	1.e-002	19.34
182	2.e-003	-1.e-003	9.e-003	22.69
183	2.e-003	-1.e-003	8.e-003	26.18
184	2.e-003	-1.e-003	7.e-003	29.784
185	2.e-003	-1.e-003	6.e-003	33.476
186	2.e-003	-1.e-003	5.e-003	37.235
187	2.e-003	-1.e-003	4.e-003	41.041
188	2.e-003	-1.e-003	3.e-003	44.876
189	2.e-003	-1.e-003	2.e-003	48.727
190	2.e-003	-1.e-003	1.e-003	52.583
191	-2.e-003	-1.e-003	1.9e-002	0.52293
192	-2.e-003	-1.e-003	1.8e-002	1.2446
193	-2.e-003	-1.e-003	1.7e-002	2.3598
194	-2.e-003	-1.e-003	1.6e-002	3.8666
195	-2.e-003	-1.e-003	1.5e-002	5.7354
196	-2.e-003	-1.e-003	1.4e-002	7.9322
197	-2.e-003	-1.e-003	1.3e-002	10.424
198	-2.e-003	-1.e-003	1.2e-002	13.177
199	-2.e-003	-1.e-003	1.1e-002	16.159
200	-2.e-003	-1.e-003	1.e-002	19.34
201	-2.e-003	-1.e-003	9.e-003	22.69
202	-2.e-003	-1.e-003	8.e-003	26.18
203	-2.e-003	-1.e-003	7.e-003	29.784
204	-2.e-003	-1.e-003	6.e-003	33.476
205	-2.e-003	-1.e-003	5.e-003	37.235
206	-2.e-003	-1.e-003	4.e-003	41.041
207	-2.e-003	-1.e-003	3.e-003	44.876
208	-2.e-003	-1.e-003	2.e-003	48.727
209	-2.e-003	-1.e-003	1.e-003	52.583
210	2.e-003	-1.e-003	2.e-002	0.
211	1.e-003	-1.e-003	2.e-002	0.
212	0.	-1.e-003	2.e-002	0.
213	-1.e-003	-1.e-003	2.e-002	0.
214	-2.e-003	-1.e-003	2.e-002	0.
215	2.e-003	-1.e-003	0.	56.438
216	1.e-003	-1.e-003	0.	56.44
217	0.	-1.e-003	0.	56.441
218	-1.e-003	-1.e-003	0.	56.44
219	-2.e-003	-1.e-003	0.	56.438
220	1.e-003	0.	0.	56.308
221	0.	0.	0.	56.309
222	-1.e-003	0.	0.	56.308
223	1.e-003	1.e-003	0.	56.44
224	0.	1.e-003	0.	56.441
225	-1.e-003	1.e-003	0.	56.44
226	2.e-003	1.e-003	0.	56.438
227	2.e-003	0.	0.	56.305
228	-2.e-003	0.	0.	56.305
229	-2.e-003	1.e-003	0.	56.438
230	1.e-003	0.	2.e-002	0.
231	0.	0.	2.e-002	0.
232	-1.e-003	0.	2.e-002	0.
233	1.e-003	1.e-003	2.e-002	0.
234	0.	1.e-003	2.e-002	0.
235	-1.e-003	1.e-003	2.e-002	0.
236	2.e-003	1.e-003	2.e-002	0.
237	2.e-003	0.	2.e-002	0.
238	-2.e-003	0.	2.e-002	0.
239	-2.e-003	1.e-003	2.e-002	0.
240	-2.e-003	0.	1.9e-002	0.12772
241	-2.e-003	0.	1.8e-002	0.78385
242	-2.e-003	0.	1.7e-002	1.9017
243	-2.e-003	0.	1.6e-002	3.4258
244	-2.e-003	0.	1.5e-002	5.3163
245	-2.e-003	0.	1.4e-002	7.5363
246	-2.e-003	0.	1.3e-002	10.051
247	-2.e-003	0.	1.2e-002	12.828
248	-2.e-003	0.	1.1e-002	15.835
249	-2.e-003	0.	1.e-002	19.039
250	-2.e-003	0.	9.e-003	22.411
251	-2.e-003	0.	8.e-003	25.923
252	-2.e-003	0.	7.e-003	29.547
253	-2.e-003	0.	6.e-003	33.259
254	-2.e-003	0.	5.e-003	37.036
255	-2.e-003	0.	4.e-003	40.858
256	-2.e-003	0.	3.e-003	44.708
257	-2.e-003	0.	2.e-003	48.572
258	-2.e-003	0.	1.e-003	52.44
259	-2.e-003	1.e-003	1.e-003	52.583
260	-2.e-003	1.e-003	2.e-003	48.727
261	-2.e-003	1.e-003	3.e-003	44.876
262	-2.e-003	1.e-003	4.e-003	41.041
263	-2.e-003	1.e-003	5.e-003	37.235
264	-2.e-003	1.e-003	6.e-003	33.476
265	-2.e-003	1.e-003	7.e-003	29.784
266	-2.e-003	1.e-003	8.e-003	26.18
267	-2.e-003	1.e-003	9.e-003	22.69
268	-2.e-003	1.e-003	1.e-002	19.34
269	-2.e-003	1.e-003	1.1e-002	16.159
270	-2.e-003	1.e-003	1.2e-002	13.177
271	-2.e-003	1.e-003	1.3e-002	10.424
272	-2.e-003	1.e-003	1.4e-002	7.9322
273	-2.e-003	1.e-003	1.5e-002	5.7354
274	-2.e-003	1.e-003	1.6e-002	3.8666
275	-2.e-003	1.e-003	1.7e-002	2.3598
276	-2.e-003	1.e-003	1.8e-002	1.2446
277	-2.e-003	1.e-003	1.9e-002	0.52293
278	2.e-003	0.	1.9e-002	0.12772
279	2.e-003	0.	1.8e-002	0.78385
280	2.e-003	0.	1.7e-002	1.9017
281	2.e-003	0.	1.6e-002	3.4258
282	2.e-003	0.	1.5e-002	5.3163
283	2.e-003	0.	1.4e-002	7.5363
284	2.e-003	0.	1.3e-002	10.051
285	2.e-003	0.	1.2e-002	12.828
286	2.e-003	0.	1.1e-002	15.835
287	2.e-003	0.	1.e-002	19.039
288	2.e-003	0.	9.e-003	22.411
289	2.e-003	0.	8.e-003	25.923
290	2.e-003	0.	7.e-003	29.547
291	2.e-003	0.	6.e-003	33.259
292	2.e-003	0.	5.e-003	37.036
293	2.e-003	0.	4.e-003	40.858
294	2.e-003	0.	3.e-003	44.708
295	2.e-003	0.	2.e-003	48.572
296	2.e-003	0.	1.e-003	52.44
297	2.e-003	1.e-003	1.e-003	52.583
298	2.e-003	1.e-003	2.e-003	48.727
299	2.e-003	1.e-003	3.e-003	44.876
300	2.e-003	1.e-003	4.e-003	41.041
301	2.e-003	1.e-003	5.e-003	37.235
302	2.e-003	1.e-003	6.e-003	33.476
303	2.e-003	1.e-003	7.e-003	29.784
304	2.e-003	1.e-003	8.e-003	26.18
305	2.e-003	1.e-003	9.e-003	22.69
306	2.e-003	1.e-003	1.e-002	19.34
307	2.e-003	1.e-003	1.1e-002	16.159
308	2.e-003	1.e-003	1.2e-002	13.177
309	2.e-003	1.e-003	1.3e-002	10.424
310	2.e-003	1.e-003	1.4e-002	7.9322
311	2.e-003	1.e-003	1.5e-002	5.7354
312	2.e-003	1.e-003	1.6e-002	3.8666
313	2.e-003	1.e-003	1.7e-002	2.3598
314	2.e-003	1.e-003	1.8e-002	1.2446
315	2.e-003	1.e-003	1.9e-002	0.52293
316	1.e-003	0.	1.85e-002	0.53286
317	5.e-004	0.	1.9e-002	0.26516
318	1.e-003	5.e-004	1.9e-002	0.33367
319	1.e-003	-5.e-004	1.9e-002	0.33367
320	1.e-003	0.	1.95e-002	4.265e-002
321	1.5e-003	0.	1.9e-002	0.20642
322	1.e-003	0.	1.75e-002	1.4509
323	5.e-004	0.	1.8e-002	0.97365
324	1.e-003	5.e-004	1.8e-002	1.0533
325	1.e-003	-5.e-004	1.8e-002	1.0533
326	1.5e-003	0.	1.8e-002	0.87793
327	1.e-003	0.	1.65e-002	2.7769
328	5.e-004	0.	1.7e-002	2.1042
329	1.e-003	5.e-004	1.7e-002	2.1779
330	1.e-003	-5.e-004	1.7e-002	2.1779
331	1.5e-003	0.	1.7e-002	1.9988
332	1.e-003	0.	1.55e-002	4.4794
333	5.e-004	0.	1.6e-002	3.6215
334	1.e-003	5.e-004	1.6e-002	3.6922
335	1.e-003	-5.e-004	1.6e-002	3.6922
336	1.5e-003	0.	1.6e-002	3.5181
337	1.e-003	0.	1.45e-002	6.5264
338	5.e-004	0.	1.5e-002	5.4981
339	1.e-003	5.e-004	1.5e-002	5.5661
340	1.e-003	-5.e-004	1.5e-002	5.5661
341	1.5e-003	0.	1.5e-002	5.4015
342	1.e-003	0.	1.35e-002	8.8843
343	5.e-004	0.	1.4e-002	7.7015
344	1.e-003	5.e-004	1.4e-002	7.767
345	1.e-003	-5.e-004	1.4e-002	7.767
346	1.5e-003	0.	1.4e-002	7.6135
347	1.e-003	0.	1.25e-002	11.52
348	5.e-004	0.	1.3e-002	10.199
349	1.e-003	5.e-004	1.3e-002	10.262
350	1.e-003	-5.e-004	1.3e-002	10.262
351	1.5e-003	0.	1.3e-002	10.12
352	1.e-003	0.	1.15e-002	14.402
353	5.e-004	0.	1.2e-002	12.959
354	1.e-003	5.e-004	1.2e-002	13.019
355	1.e-003	-5.e-004	1.2e-002	13.019
356	1.5e-003	0.	1.2e-002	12.889
357	1.e-003	0.	1.05e-002	17.498
358	5.e-004	0.	1.1e-002	15.948
359	1.e-003	5.e-004	1.1e-002	16.006
360	1.e-003	-5.e-004	1.1e-002	16.006
361	1.5e-003	0.	1.1e-002	15.887
362	1.e-003	0.	9.5e-003	20.777
363	5.e-004	0.	1.e-002	19.135
364	1.e-003	5.e-004	1.e-002	19.191
365	1.e-003	-5.e-004	1.e-002	19.191
366	1.5e-003	0.	1.e-002	19.084
367	1.e-003	0.	8.5e-003	24.21
368	5.e-004	0.	9.e-003	22.492
369	1.e-003	5.e-004	9.e-003	22.545
370	1.e-003	-5.e-004	9.e-003	22.545
371	1.5e-003	0.	9.e-003	22.449
372	1.e-003	0.	7.5e-003	27.77
373	5.e-004	0.	8.e-003	25.989
374	1.e-003	5.e-004	8.e-003	26.04
375	1.e-003	-5.e-004	8.e-003	26.04
376	1.5e-003	0.	8.e-003	25.953
377	1.e-003	0.	6.5e-003	31.43
378	5.e-004	0.	7.e-003	29.599
379	1.e-003	5.e-004	7.e-003	29.648
380	1.e-003	-5.e-004	7.e-003	29.648
381	1.5e-003	0.	7.e-003	29.571
382	1.e-003	0.	5.5e-003	35.168
383	5.e-004	0.	6.e-003	33.299
384	1.e-003	5.e-004	6.e-003	33.345
385	1.e-003	-5.e-004	6.e-003	33.345
386	1.5e-003	0.	6.e-003	33.277
387	1.e-003	0.	4.5e-003	38.962
388	5.e-004	0.	5.e-003	37.065
389	1.e-003	5.e-004	5.e-003	37.109
390	1.e-003	-5.e-004	5.e-003	37.109
391	1.5e-003	0.	5.e-003	37.049
392	1.e-003	0.	3.5e-003	42.793
393	5.e-004	0.	4.e-003	40.878
394	1.e-003	5.e-004	4.e-003	40.92
395	1.e-003	-5.e-004	4.e-003	40.92
396	1.5e-003	0.	4.e-003	40.867
397	1.e-003	0.	2.5e-003	46.647
398	5.e-004	0.	3.e-003	44.721
399	1.e-003	5.e-004	3.e-003	44.76
400	1.e-003	-5.e-004	3.e-003	44.76
401	1.5e-003	0.	3.e-003	44.714
402	1.e-003	0.	1.5e-003	50.511
403	5.e-004	0.	2.e-003	48.58
404	1.e-003	5.e-004	2.e-003	48.617
405	1.e-003	-5.e-004	2.e-003	48.617
406	1.5e-003	0.	2.e-003	48.576
407	5.e-004	0.	1.e-003	52.444
408	1.e-003	5.e-004	1.e-003	52.479
409	1.e-003	-5.e-004	1.e-003	52.479
410	1.e-003	0.	5.e-004	54.376
411	1.5e-003	0.	1.e-003	52.442
412	8.6736e-019	0.	1.85e-002	0.5709
413	-5.e-004	0.	1.9e-002	0.26516
414	0.	5.e-004	1.9e-002	0.35163
415	0.	-5.e-004	1.9e-002	0.35163
416	0.	0.	1.95e-002	5.1267e-002
417	8.6736e-019	0.	1.75e-002	1.5004
418	-5.e-004	0.	1.8e-002	0.97365
419	2.6021e-018	5.e-004	1.8e-002	1.0936
420	8.6736e-019	-5.e-004	1.8e-002	1.0936
421	0.	0.	1.65e-002	2.8289
422	-5.e-004	0.	1.7e-002	2.1042
423	0.	5.e-004	1.7e-002	2.2266
424	0.	-5.e-004	1.7e-002	2.2266
425	0.	0.	1.55e-002	4.5293
426	-5.e-004	0.	1.6e-002	3.6215
427	0.	5.e-004	1.6e-002	3.7418
428	0.	-5.e-004	1.6e-002	3.7418
429	0.	0.	1.45e-002	6.5725
430	-5.e-004	0.	1.5e-002	5.4981
431	0.	5.e-004	1.5e-002	5.6131
432	0.	-5.e-004	1.5e-002	5.6131
433	0.	0.	1.35e-002	8.926
434	-5.e-004	0.	1.4e-002	7.7015
435	0.	5.e-004	1.4e-002	7.8103
436	0.	-5.e-004	1.4e-002	7.8103
437	0.	0.	1.25e-002	11.557
438	-5.e-004	0.	1.3e-002	10.199
439	0.	5.e-004	1.3e-002	10.301
440	0.	-5.e-004	1.3e-002	10.301
441	0.	0.	1.15e-002	14.434
442	-5.e-004	0.	1.2e-002	12.959
443	0.	5.e-004	1.2e-002	13.054
444	0.	-5.e-004	1.2e-002	13.054
445	-4.3368e-019	0.	1.05e-002	17.526
446	-5.e-004	0.	1.1e-002	15.948
447	0.	5.e-004	1.1e-002	16.036
448	0.	-5.e-004	1.1e-002	16.036
449	-4.3368e-019	0.	9.5e-003	20.8
450	-5.e-004	0.	1.e-002	19.135
451	-1.6263e-018	5.e-004	1.e-002	19.217
452	-5.421e-019	-5.e-004	1.e-002	19.217
453	0.	0.	8.5e-003	24.229
454	-5.e-004	0.	9.e-003	22.492
455	0.	5.e-004	9.e-003	22.567
456	0.	-5.e-004	9.e-003	22.567
457	0.	0.	7.5e-003	27.785
458	-5.e-004	0.	8.e-003	25.989
459	0.	5.e-004	8.e-003	26.057
460	0.	-5.e-004	8.e-003	26.057
461	2.1684e-019	0.	6.5e-003	31.443
462	-5.e-004	0.	7.e-003	29.599
463	0.	5.e-004	7.e-003	29.662
464	0.	-5.e-004	7.e-003	29.662
465	2.1684e-019	0.	5.5e-003	35.177
466	-5.e-004	0.	6.e-003	33.299
467	6.5052e-019	5.e-004	6.e-003	33.356
468	2.1684e-019	-5.e-004	6.e-003	33.356
469	0.	0.	4.5e-003	38.969
470	-5.e-004	0.	5.e-003	37.065
471	0.	5.e-004	5.e-003	37.117
472	0.	-5.e-004	5.e-003	37.117
473	0.	0.	3.5e-003	42.798
474	-5.e-004	0.	4.e-003	40.878
475	-3.2526e-019	5.e-004	4.e-003	40.925
476	-1.0842e-019	-5.e-004	4.e-003	40.925
477	0.	0.	2.5e-003	46.65
478	-5.e-004	0.	3.e-003	44.721
479	0.	5.e-004	3.e-003	44.764
480	0.	-5.e-004	3.e-003	44.764
481	0.	0.	1.5e-003	50.512
482	-5.e-004	0.	2.e-003	48.58
483	0.	5.e-004	2.e-003	48.619
484	0.	-5.e-004	2.e-003	48.619
485	-5.e-004	0.	1.e-003	52.444
486	0.	5.e-004	1.e-003	52.48
487	0.	-5.e-004	1.e-003	52.48
488	0.	0.	5.e-004	54.377
489	-1.e-003	0.	1.85e-002	0.53286
490	-1.e-003	5.e-004	1.9e-002	0.33367
491	-1.e-003	-5.e-004	1.9e-002	0.33367
492	-1.e-003	0.	1.95e-002	4.265e-002
493	-1.5e-003	0.	1.9e-002	0.20642
494	-1.e-003	0.	1.75e-002	1.4509
495	-1.e-003	5.e-004	1.8e-002	1.0533
496	-1.e-003	-5.e-004	1.8e-002	1.0533
497	-1.5e-003	0.	1.8e-002	0.87793
498	-1.e-003	0.	1.65e-002	2.7769
499	-1.e-003	5.e-004	1.7e-002	2.1779
500	-1.e-003	-5.e-004	1.7e-002	2.1779
501	-1.5e-003	0.	1.7e-002	1.9988
502	-1.e-003	0.	1.55e-002	4.4794
503	-1.e-003	5.e-004	1.6e-002	3.6922
504	-1.e-003	-5.e-004	1.6e-002	3.6922
505	-1.5e-003	0.	1.6e-002	3.5181
506	-1.e-003	0.	1.45e-002	6.5264
507	-1.e-003	5.e-004	1.5e-002	5.5661
508	-1.e-003	-5.e-004	1.5e-002	5.5661
509	-1.5e-003	0.	1.5e-002	5.4015
510	-1.e-003	0.	1.35e-002	8.8843
511	-1.e-003	5.e-004	1.4e-002	7.767
512	-1.e-003	-5.e-004	1.4e-002	7.767
513	-1.5e-003	0.	1.4e-002	7.6135
514	-1.e-003	0.	1.25e-002	11.52
515	-1.e-003	5.e-004	1.3e-002	10.262
516	-1.e-003	-5.e-004	1.3e-002	10.262
517	-1.5e-003	0.	1.3e-002	10.12
518	-1.e-003	0.	1.15e-002	14.402
519	-1.e-003	5.e-004	1.2e-002	13.019
520	-1.e-003	-5.e-004	1.2e-002	13.019
521	-1.5e-003	0.	1.2e-002	12.889
522	-1.e-003	0.	1.05e-002	17.498
523	-1.e-003	5.e-004	1.1e-002	16.006
524	-1.e-003	-5.e-004	1.1e-002	16.006
525	-1.5e-003	0.	1.1e-002	15.887
526	-1.e-003	0.	9.5e-003	20.777
527	-1.e-003	5.e-004	1.e-002	19.191
528	-1.e-003	-5.e-004	1.e-002	19.191
529	-1.5e-003	0.	1.e-002	19.084
530	-1.e-003	0.	8.5e-003	24.21
531	-1.e-003	5.e-004	9.e-003	22.545
532	-1.e-003	-5.e-004	9.e-003	22.545
533	-1.5e-003	0.	9.e-003	22.449
534	-1.e-003	0.	7.5e-003	27.77
535	-1.e-003	5.e-004	8.e-003	26.04
536	-1.e-003	-5.e-004	8.e-003	26.04
537	-1.5e-003	0.	8.e-003	25.953
538	-1.e-003	0.	6.5e-003	31.43
539	-1.e-003	5.e-004	7.e-003	29.648
540	-1.e-003	-5.e-004	7.e-003	29.648
541	-1.5e-003	0.	7.e-003	29.571
542	-1.e-003	0.	5.5e-003	35.168
543	-1.e-003	5.e-004	6.e-003	33.345
544	-1.e-003	-5.e-004	6.e-003	33.345
545	-1.5e-003	0.	6.e-003	33.277
546	-1.e-003	0.	4.5e-003	38.962
547	-1.e-003	5.e-004	5.e-003	37.109
548	-1.e-003	-5.e-004	5.e-003	37.109
549	-1.5e-003	0.	5.e-003	37.049
550	-1.e-003	0.	3.5e-003	42.793
551	-1.e-003	5.e-004	4.e-003	40.92
552	-1.e-003	-5.e-004	4.e-003	40.92
553	-1.5e-003	0.	4.e-003	40.867
554	-1.e-003	0.	2.5e-003	46.647
555	-1.e-003	5.e-004	3.e-003	44.76
556	-1.e-003	-5.e-004	3.e-003	44.76
557	-1.5e-003	0.	3.e-003	44.714
558	-1.e-003	0.	1.5e-003	50.511
559	-1.e-003	5.e-004	2.e-003	48.617
560	-1.e-003	-5.e-004	2.e-003	48.617
561	-1.5e-003	0.	2.e-003	48.576
562	-1.e-003	5.e-004	1.e-003	52.479
563	-1.e-003	-5.e-004	1.e-003	52.479
564	-1.e-003	0.	5.e-004	54.376
565	-1.5e-003	0.	1.e-003	52.442
566	-1.e-003	1.e-003	1.5e-003	50.659
567	-5.e-004	1.e-003	1.e-003	52.587
568	-1.e-003	1.e-003	5.e-004	54.513
569	-1.5e-003	1.e-003	1.e-003	52.585
570	-1.e-003	1.e-003	2.5e-003	46.808
571	-5.e-004	1.e-003	2.e-003	48.734
572	-1.5e-003	1.e-003	2.e-003	48.73
573	-1.e-003	1.e-003	3.5e-003	42.968
574	-5.e-004	1.e-003	3.e-003	44.889
575	-1.5e-003	1.e-003	3.e-003	44.882
576	-1.e-003	1.e-003	4.5e-003	39.153
577	-5.e-004	1.e-003	4.e-003	41.061
578	-1.5e-003	1.e-003	4.e-003	41.05
579	-1.e-003	1.e-003	5.5e-003	35.376
580	-5.e-004	1.e-003	5.e-003	37.264
581	-1.5e-003	1.e-003	5.e-003	37.249
582	-1.e-003	1.e-003	6.5e-003	31.657
583	-5.e-004	1.e-003	6.e-003	33.516
584	-1.5e-003	1.e-003	6.e-003	33.495
585	-1.e-003	1.e-003	7.5e-003	28.016
586	-5.e-004	1.e-003	7.e-003	29.836
587	-1.5e-003	1.e-003	7.e-003	29.808
588	-1.e-003	1.e-003	8.5e-003	24.477
589	-5.e-004	1.e-003	8.e-003	26.246
590	-1.5e-003	1.e-003	8.e-003	26.211
591	-1.e-003	1.e-003	9.5e-003	21.066
592	-5.e-004	1.e-003	9.e-003	22.77
593	-1.5e-003	1.e-003	9.e-003	22.728
594	-1.e-003	1.e-003	1.05e-002	17.809
595	-5.e-004	1.e-003	1.e-002	19.435
596	-1.5e-003	1.e-003	1.e-002	19.385
597	-1.e-003	1.e-003	1.15e-002	14.736
598	-5.e-004	1.e-003	1.1e-002	16.27
599	-1.5e-003	1.e-003	1.1e-002	16.211
600	-1.e-003	1.e-003	1.25e-002	11.877
601	-5.e-004	1.e-003	1.2e-002	13.303
602	-1.5e-003	1.e-003	1.2e-002	13.236
603	-1.e-003	1.e-003	1.35e-002	9.2631
604	-5.e-004	1.e-003	1.3e-002	10.566
605	-1.5e-003	1.e-003	1.3e-002	10.491
606	-1.e-003	1.e-003	1.45e-002	6.9257
607	-5.e-004	1.e-003	1.4e-002	8.0887
608	-1.5e-003	1.e-003	1.4e-002	8.0062
609	-1.e-003	1.e-003	1.55e-002	4.896
610	-5.e-004	1.e-003	1.5e-002	5.9035
611	-1.5e-003	1.e-003	1.5e-002	5.8151
612	-1.e-003	1.e-003	1.65e-002	3.2037
613	-5.e-004	1.e-003	1.6e-002	4.0398
614	-1.5e-003	1.e-003	1.6e-002	3.949
615	-1.e-003	1.e-003	1.75e-002	1.8719
616	-5.e-004	1.e-003	1.7e-002	2.5237
617	-1.5e-003	1.e-003	1.7e-002	2.4377
618	-1.e-003	1.e-003	1.85e-002	0.90877
619	-5.e-004	1.e-003	1.8e-002	1.3689
620	-1.5e-003	1.e-003	1.8e-002	1.3028
621	-5.e-004	1.e-003	1.9e-002	0.56023
622	-1.e-003	1.e-003	1.95e-002	0.25057
623	-1.5e-003	1.e-003	1.9e-002	0.52396
624	0.	1.e-003	1.5e-003	50.66
625	5.e-004	1.e-003	1.e-003	52.587
626	0.	1.e-003	5.e-004	54.514
627	0.	1.e-003	2.5e-003	46.81
628	5.e-004	1.e-003	2.e-003	48.734
629	0.	1.e-003	3.5e-003	42.973
630	5.e-004	1.e-003	3.e-003	44.889
631	0.	1.e-003	4.5e-003	39.159
632	5.e-004	1.e-003	4.e-003	41.061
633	4.3368e-019	1.e-003	5.5e-003	35.385
634	5.e-004	1.e-003	5.e-003	37.264
635	4.3368e-019	1.e-003	6.5e-003	31.669
636	5.e-004	1.e-003	6.e-003	33.516
637	0.	1.e-003	7.5e-003	28.032
638	5.e-004	1.e-003	7.e-003	29.836
639	0.	1.e-003	8.5e-003	24.497
640	5.e-004	1.e-003	8.e-003	26.246
641	-8.6736e-019	1.e-003	9.5e-003	21.089
642	5.e-004	1.e-003	9.e-003	22.77
643	-8.6736e-019	1.e-003	1.05e-002	17.836
644	5.e-004	1.e-003	1.e-002	19.435
645	0.	1.e-003	1.15e-002	14.767
646	5.e-004	1.e-003	1.1e-002	16.27
647	0.	1.e-003	1.25e-002	11.913
648	5.e-004	1.e-003	1.2e-002	13.303
649	0.	1.e-003	1.35e-002	9.3024
650	5.e-004	1.e-003	1.3e-002	10.566
651	0.	1.e-003	1.45e-002	6.9683
652	5.e-004	1.e-003	1.4e-002	8.0887
653	0.	1.e-003	1.55e-002	4.9408
654	5.e-004	1.e-003	1.5e-002	5.9035
655	0.	1.e-003	1.65e-002	3.2482
656	5.e-004	1.e-003	1.6e-002	4.0398
657	1.7347e-018	1.e-003	1.75e-002	1.9112
658	5.e-004	1.e-003	1.7e-002	2.5237
659	1.7347e-018	1.e-003	1.85e-002	0.93568
660	5.e-004	1.e-003	1.8e-002	1.3689
661	5.e-004	1.e-003	1.9e-002	0.56023
662	0.	1.e-003	1.95e-002	0.26296
663	1.e-003	1.e-003	1.5e-003	50.659
664	1.e-003	1.e-003	5.e-004	54.513
665	1.5e-003	1.e-003	1.e-003	52.585
666	1.e-003	1.e-003	2.5e-003	46.808
667	1.5e-003	1.e-003	2.e-003	48.73
668	1.e-003	1.e-003	3.5e-003	42.968
669	1.5e-003	1.e-003	3.e-003	44.882
670	1.e-003	1.e-003	4.5e-003	39.153
671	1.5e-003	1.e-003	4.e-003	41.05
672	1.e-003	1.e-003	5.5e-003	35.376
673	1.5e-003	1.e-003	5.e-003	37.249
674	1.e-003	1.e-003	6.5e-003	31.657
675	1.5e-003	1.e-003	6.e-003	33.495
676	1.e-003	1.e-003	7.5e-003	28.016
677	1.5e-003	1.e-003	7.e-003	29.808
678	1.e-003	1.e-003	8.5e-003	24.477
679	1.5e-003	1.e-003	8.e-003	26.211
680	1.e-003	1.e-003	9.5e-003	21.066
681	1.5e-003	1.e-003	9.e-003	22.728
682	1.e-003	1.e-003	1.05e-002	17.809
683	1.5e-003	1.e-003	1.e-002	19.385
684	1.e-003	1.e-003	1.15e-002	14.736
685	1.5e-003	1.e-003	1.1e-002	16.211
686	1.e-003	1.e-003	1.25e-002	11.877
687	1.5e-003	1.e-003	1.2e-002	13.236
688	1.e-003	1.e-003	1.35e-002	9.2631
689	1.5e-003	1.e-003	1.3e-002	10.491
690	1.e-003	1.e-003	1.45e-002	6.9257
691	1.5e-003	1.e-003	1.4e-002	8.0062
692	1.e-003	1.e-003	1.55e-002	4.896
693	1.5e-003	1.e-003	1.5e-002	5.8151
694	1.e-003	1.e-003	1.65e-002	3.2037
695	1.5e-003	1.e-003	1.6e-002	3.949
696	1.e-003	1.e-003	1.75e-002	1.8719
697	1.5e-003	1.e-003	1.7e-002	2.4377
698	1.e-003	1.e-003	1.85e-002	0.90877
699	1.5e-003	1.e-003	1.8e-002	1.3028
700	1.e-003	1.e-003	1.95e-002	0.25057
701	1.5e-003	1.e-003	1.9e-002	0.52396
702	1.e-003	-1.e-003	1.85e-002	0.90877
703	5.e-004	-1.e-003	1.9e-002	0.56023
704	1.5e-003	-1.e-003	1.9e-002	0.52396
705	1.e-003	-1.e-003	1.95e-002	0.25057
706	1.e-003	-1.e-003	1.75e-002	1.8719
707	5.e-004	-1.e-003	1.8e-002	1.3689
708	1.5e-003	-1.e-003	1.8e-002	1.3028
709	1.e-003	-1.e-003	1.65e-002	3.2037
710	5.e-004	-1.e-003	1.7e-002	2.5237
711	1.5e-003	-1.e-003	1.7e-002	2.4377
712	1.e-003	-1.e-003	1.55e-002	4.896
713	5.e-004	-1.e-003	1.6e-002	4.0398
714	1.5e-003	-1.e-003	1.6e-002	3.949
715	1.e-003	-1.e-003	1.45e-002	6.9257
716	5.e-004	-1.e-003	1.5e-002	5.9035
717	1.5e-003	-1.e-003	1.5e-002	5.8151
718	1.e-003	-1.e-003	1.35e-002	9.2631
719	5.e-004	-1.e-003	1.4e-002	8.0887
720	1.5e-003	-1.e-003	1.4e-002	8.0062
721	1.e-003	-1.e-003	1.25e-002	11.877
722	5.e-004	-1.e-003	1.3e-002	10.566
723	1.5e-003	-1.e-003	1.3e-002	10.491
724	1.e-003	-1.e-003	1.15e-002	14.736
725	5.e-004	-1.e-003	1.2e-002	13.303
726	1.5e-003	-1.e-003	1.2e-002	13.236
727	1.e-003	-1.e-003	1.05e-002	17.809
728	5.e-004	-1.e-003	1.1e-002	16.27
729	1.5e-003	-1.e-003	1.1e-002	16.211
730	1.e-003	-1.e-003	9.5e-003	21.066
731	5.e-004	-1.e-003	1.e-002	19.435
732	1.5e-003	-1.e-003	1.e-002	19.385
733	1.e-003	-1.e-003	8.5e-003	24.477
734	5.e-004	-1.e-003	9.e-003	22.77
735	1.5e-003	-1.e-003	9.e-003	22.728
736	1.e-003	-1.e-003	7.5e-003	28.016
737	5.e-004	-1.e-003	8.e-003	26.246
738	1.5e-003	-1.e-003	8.e-003	26.211
739	1.e-003	-1.e-003	6.5e-003	31.657
740	5.e-004	-1.e-003	7.e-003	29.836
741	1.5e-003	-1.e-003	7.e-003	29.808
742	1.e-003	-1.e-003	5.5e-003	35.376
743	5.e-004	-1.e-003	6.e-003	33.516
744	1.5e-003	-1.e-003	6.e-003	33.495
745	1.e-003	-1.e-003	4.5e-003	39.153
746	5.e-004	-1.e-003	5.e-003	37.264
747	1.5e-003	-1.e-003	5.e-003	37.249
748	1.e-003	-1.e-003	3.5e-003	42.968
749	5.e-004	-1.e-003	4.e-003	41.061
750	1.5e-003	-1.e-003	4.e-003	41.05
751	1.e-003	-1.e-003	2.5e-003	46.808
752	5.e-004	-1.e-003	3.e-003	44.889
753	1.5e-003	-1.e-003	3.e-003	44.882
754	1.e-003	-1.e-003	1.5e-003	50.659
755	5.e-004	-1.e-003	2.e-003	48.734
756	1.5e-003	-1.e-003	2.e-003	48.73
757	5.e-004	-1.e-003	1.e-003	52.587
758	1.5e-003	-1.e-003	1.e-003	52.585
759	1.e-003	-1.e-003	5.e-004	54.513
760	0.	-1.e-003	1.85e-002	0.93568
761	-5.e-004	-1.e-003	1.9e-002	0.56023
762	0.	-1.e-003	1.95e-002	0.26296
763	0.	-1.e-003	1.75e-002	1.9112
764	-5.e-004	-1.e-003	1.8e-002	1.3689
765	0.	-1.e-003	1.65e-002	3.2482
766	-5.e-004	-1.e-003	1.7e-002	2.5237
767	0.	-1.e-003	1.55e-002	4.9408
768	-5.e-004	-1.e-003	1.6e-002	4.0398
769	0.	-1.e-003	1.45e-002	6.9683
770	-5.e-004	-1.e-003	1.5e-002	5.9035
771	0.	-1.e-003	1.35e-002	9.3024
772	-5.e-004	-1.e-003	1.4e-002	8.0887
773	0.	-1.e-003	1.25e-002	11.913
774	-5.e-004	-1.e-003	1.3e-002	10.566
775	0.	-1.e-003	1.15e-002	14.767
776	-5.e-004	-1.e-003	1.2e-002	13.303
777	0.	-1.e-003	1.05e-002	17.836
778	-5.e-004	-1.e-003	1.1e-002	16.27
779	0.	-1.e-003	9.5e-003	21.089
780	-5.e-004	-1.e-003	1.e-002	19.435
781	0.	-1.e-003	8.5e-003	24.497
782	-5.e-004	-1.e-003	9.e-003	22.77
783	0.	-1.e-003	7.5e-003	28.032
784	-5.e-004	-1.e-003	8.e-003	26.246
785	0.	-1.e-003	6.5e-003	31.669
786	-5.e-004	-1.e-003	7.e-003	29.836
787	0.	-1.e-003	5.5e-003	35.385
788	-5.e-004	-1.e-003	6.e-003	33.516
789	0.	-1.e-003	4.5e-003	39.159
790	-5.e-004	-1.e-003	5.e-003	37.264
791	0.	-1.e-003	3.5e-003	42.973
792	-5.e-004	-1.e-003	4.e-003	41.061
793	0.	-1.e-003	2.5e-003	46.81
794	-5.e-004	-1.e-003	3.e-003	44.889
795	0.	-1.e-003	1.5e-003	50.66
796	-5.e-004	-1.e-003	2.e-003	48.734
797	-5.e-004	-1.e-003	1.e-003	52.587
798	0.	-1.e-003	5.e-004	54.514
799	-1.e-003	-1.e-003	1.85e-002	0.90877
800	-1.5e-003	-1.e-003	1.9e-002	0.52396
801	-1.e-003	-1.e-003	1.95e-002	0.25057
802	-1.e-003	-1.e-003	1.75e-002	1.8719
803	-1.5e-003	-1.e-003	1.8e-002	1.3028
804	-1.e-003	-1.e-003	1.65e-002	3.2037
805	-1.5e-003	-1.e-003	1.7e-002	2.4377
806	-1.e-003	-1.e-003	1.55e-002	4.896
807	-1.5e-003	-1.e-003	1.6e-002	3.949
808	-1.e-003	-1.e-003	1.45e-002	6.9257
809	-1.5e-003	-1.e-003	1.5e-002	5.8151
810	-1.e-003	-1.e-003	1.35e-002	9.2631
811	-1.5e-003	-1.e-003	1.4e-002	8.0062
812	-1.e-003	-1.e-003	1.25e-002	11.877
813	-1.5e-003	-1.e-003	1.3e-002	10.491
814	-1.e-003	-1.e-003	1.15e-002	14.736
815	-1.5e-003	-1.e-003	1.2e-002	13.236
816	-1.e-003	-1.e-003	1.05e-002	17.809
817	-1.5e-003	-1.e-003	1.1e-002	16.211
818	-1.e-003	-1.e-003	9.5e-003	21.066
819	-1.5e-003	-1.e-003	1.e-002	19.385
820	-1.e-003	-1.e-003	8.5e-003	24.477
821	-1.5e-003	-1.e-003	9.e-003	22.728
822	-1.e-003	-1.e-003	7.5e-003	28.016
823	-1.5e-003	-1.e-003	8.e-003	26.211
824	-1.e-003	-1.e-003	6.5e-003	31.657
825	-1.5e-003	-1.e-003	7.e-003	29.808
826	-1.e-003	-1.e-003	5.5e-003	35.376
827	-1.5e-003	-1.e-003	6.e-003	33.495
828	-1.e-003	-1.e-003	4.5e-003	39.153
829	-1.5e-003	-1.e-003	5.e-003	37.249
830	-1.e-003	-1.e-003	3.5e-003	42.968
831	-1.5e-003	-1.e-003	4.e-003	41.05
832	-1.e-003	-1.e-003	2.5e-003	46.808
833	-1.5e-003	-1.e-003	3.e-003	44.882
834	-1.e-003	-1.e-003	1.5e-003	50.659
835	-1.5e-003	-1.e-003	2.e-003	48.73
836	-1.5e-003	-1.e-003	1.e-003	52.585
837	-1.e-003	-1.e-003	5.e-004	54.513
838	2.e-003	-1.e-003	1.85e-002	0.8419
839	2.e-003	-1.e-003	1.95e-002	0.27039
840	2.e-003	-5.e-004	1.9e-002	0.28732
841	2.e-003	-1.e-003	1.75e-002	1.7522
842	2.e-003	-5.e-004	1.8e-002	0.91888
843	2.e-003	-1.e-003	1.65e-002	3.0659
844	2.e-003	-5.e-004	1.7e-002	2.0239
845	2.e-003	-1.e-003	1.55e-002	4.758
846	2.e-003	-5.e-004	1.6e-002	3.5396
847	2.e-003	-1.e-003	1.45e-002	6.7949
848	2.e-003	-5.e-004	1.5e-002	5.4228
849	2.e-003	-1.e-003	1.35e-002	9.1431
850	2.e-003	-5.e-004	1.4e-002	7.6362
851	2.e-003	-1.e-003	1.25e-002	11.769
852	2.e-003	-5.e-004	1.3e-002	10.145
853	2.e-003	-1.e-003	1.15e-002	14.641
854	2.e-003	-5.e-004	1.2e-002	12.916
855	2.e-003	-1.e-003	1.05e-002	17.727
856	2.e-003	-5.e-004	1.1e-002	15.916
857	2.e-003	-1.e-003	9.5e-003	20.996
858	2.e-003	-5.e-004	1.e-002	19.114
859	2.e-003	-1.e-003	8.5e-003	24.419
860	2.e-003	-5.e-004	9.e-003	22.481
861	2.e-003	-1.e-003	7.5e-003	27.969
862	2.e-003	-5.e-004	8.e-003	25.987
863	2.e-003	-1.e-003	6.5e-003	31.62
864	2.e-003	-5.e-004	7.e-003	29.606
865	2.e-003	-1.e-003	5.5e-003	35.349
866	2.e-003	-5.e-004	6.e-003	33.313
867	2.e-003	-1.e-003	4.5e-003	39.133
868	2.e-003	-5.e-004	5.e-003	37.086
869	2.e-003	-1.e-003	3.5e-003	42.956
870	2.e-003	-5.e-004	4.e-003	40.904
871	2.e-003	-1.e-003	2.5e-003	46.8
872	2.e-003	-5.e-004	3.e-003	44.75
873	2.e-003	-1.e-003	1.5e-003	50.655
874	2.e-003	-5.e-004	2.e-003	48.611
875	2.e-003	-1.e-003	5.e-004	54.511
876	2.e-003	-5.e-004	1.e-003	52.476
877	-2.e-003	-1.e-003	1.85e-002	0.8419
878	-2.e-003	-1.e-003	1.95e-002	0.27039
879	-2.e-003	-5.e-004	1.9e-002	0.28732
880	-2.e-003	-1.e-003	1.75e-002	1.7522
881	-2.e-003	-5.e-004	1.8e-002	0.91888
882	-2.e-003	-1.e-003	1.65e-002	3.0659
883	-2.e-003	-5.e-004	1.7e-002	2.0239
884	-2.e-003	-1.e-003	1.55e-002	4.758
885	-2.e-003	-5.e-004	1.6e-002	3.5396
886	-2.e-003	-1.e-003	1.45e-002	6.7949
887	-2.e-003	-5.e-004	1.5e-002	5.4228
888	-2.e-003	-1.e-003	1.35e-002	9.1431
889	-2.e-003	-5.e-004	1.4e-002	7.6362
890	-2.e-003	-1.e-003	1.25e-002	11.769
891	-2.e-003	-5.e-004	1.3e-002	10.145
892	-2.e-003	-1.e-003	1.15e-002	14.641
893	-2.e-003	-5.e-004	1.2e-002	12.916
894	-2.e-003	-1.e-003	1.05e-002	17.727
895	-2.e-003	-5.e-004	1.1e-002	15.916
896	-2.e-003	-1.e-003	9.5e-003	20.996
897	-2.e-003	-5.e-004	1.e-002	19.114
898	-2.e-003	-1.e-003	8.5e-003	24.419
899	-2.e-003	-5.e-004	9.e-003	22.481
900	-2.e-003	-1.e-003	7.5e-003	27.969
901	-2.e-003	-5.e-004	8.e-003	25.987
902	-2.e-003	-1.e-003	6.5e-003	31.62
903	-2.e-003	-5.e-004	7.e-003	29.606
904	-2.e-003	-1.e-003	5.5e-003	35.349
905	-2.e-003	-5.e-004	6.e-003	33.313
906	-2.e-003	-1.e-003	4.5e-003	39.133
907	-2.e-003	-5.e-004	5.e-003	37.086
908	-2.e-003	-1.e-003	3.5e-003	42.956
909	-2.e-003	-5.e-004	4.e-003	40.904
910	-2.e-003	-1.e-003	2.5e-003	46.8
911	-2.e-003	-5.e-004	3.e-003	44.75
912	-2.e-003	-1.e-003	1.5e-003	50.655
913	-2.e-003	-5.e-004	2.e-003	48.611
914	-2.e-003	-1.e-003	5.e-004	54.511
915	-2.e-003	-5.e-004	1.e-003	52.476
916	1.5e-003	-1.e-003	2.e-002	0.
917	2.e-003	-5.e-004	2.e-002	0.
918	5.e-004	-1.e-003	2.e-002	0.
919	1.e-003	-5.e-004	2.e-002	0.
920	-5.e-004	-1.e-003	2.e-002	0.
921	0.	-5.e-004	2.e-002	0.
922	-1.5e-003	-1.e-003	2.e-002	0.
923	-1.e-003	-5.e-004	2.e-002	0.
924	-2.e-003	-5.e-004	2.e-002	0.
925	1.5e-003	-1.e-003	0.	56.439
926	2.e-003	-5.e-004	0.	56.339
927	5.e-004	-1.e-003	0.	56.441
928	1.e-003	-5.e-004	0.	56.341
929	-5.e-004	-1.e-003	0.	56.441
930	0.	-5.e-004	0.	56.342
931	-1.5e-003	-1.e-003	0.	56.439
932	-1.e-003	-5.e-004	0.	56.341
933	-2.e-003	-5.e-004	0.	56.339
934	5.e-004	0.	0.	56.308
935	1.e-003	5.e-004	0.	56.341
936	1.5e-003	0.	0.	56.306
937	-5.e-004	0.	0.	56.308
938	0.	5.e-004	0.	56.342
939	-1.e-003	5.e-004	0.	56.341
940	-1.5e-003	0.	0.	56.306
941	5.e-004	1.e-003	0.	56.441
942	1.5e-003	1.e-003	0.	56.439
943	-5.e-004	1.e-003	0.	56.441
944	-1.5e-003	1.e-003	0.	56.439
945	2.e-003	5.e-004	0.	56.339
946	2.e-003	1.e-003	5.e-004	54.511
947	2.e-003	0.	5.e-004	54.374
948	-2.e-003	5.e-004	0.	56.339
949	-2.e-003	0.	5.e-004	54.374
950	-2.e-003	1.e-003	5.e-004	54.511
951	5.e-004	0.	2.e-002	0.
952	1.e-003	5.e-004	2.e-002	0.
953	1.5e-003	0.	2.e-002	0.
954	-5.e-004	0.	2.e-002	0.
955	0.	5.e-004	2.e-002	0.
956	-1.e-003	5.e-004	2.e-002	0.
957	-1.5e-003	0.	2.e-002	0.
958	5.e-004	1.e-003	2.e-002	0.
959	1.5e-003	1.e-003	2.e-002	0.
960	-5.e-004	1.e-003	2.e-002	0.
961	-1.5e-003	1.e-003	2.e-002	0.
962	2.e-003	5.e-004	2.e-002	0.
963	2.e-003	1.e-003	1.95e-002	0.27039
964	2.e-003	0.	1.95e-002	2.8042e-002
965	-2.e-003	5.e-004	2.e-002	0.
966	-2.e-003	0.	1.95e-002	2.8042e-002
967	-2.e-003	1.e-003	1.95e-002	0.27039
968	-2.e-003	0.	1.85e-002	0.39182
969	-2.e-003	5.e-004	1.9e-002	0.28732
970	-2.e-003	0.	1.75e-002	1.2881
971	-2.e-003	5.e-004	1.8e-002	0.91888
972	-2.e-003	0.	1.65e-002	2.6154
973	-2.e-003	5.e-004	1.7e-002	2.0239
974	-2.e-003	0.	1.55e-002	4.3275
975	-2.e-003	5.e-004	1.6e-002	3.5396
976	-2.e-003	0.	1.45e-002	6.3872
977	-2.e-003	5.e-004	1.5e-002	5.4228
978	-2.e-003	0.	1.35e-002	8.7591
979	-2.e-003	5.e-004	1.4e-002	7.6362
980	-2.e-003	0.	1.25e-002	11.409
981	-2.e-003	5.e-004	1.3e-002	10.145
982	-2.e-003	0.	1.15e-002	14.305
983	-2.e-003	5.e-004	1.2e-002	12.916
984	-2.e-003	0.	1.05e-002	17.414
985	-2.e-003	5.e-004	1.1e-002	15.916
986	-2.e-003	0.	9.5e-003	20.706
987	-2.e-003	5.e-004	1.e-002	19.114
988	-2.e-003	0.	8.5e-003	24.151
989	-2.e-003	5.e-004	9.e-003	22.481
990	-2.e-003	0.	7.5e-003	27.722
991	-2.e-003	5.e-004	8.e-003	25.987
992	-2.e-003	0.	6.5e-003	31.393
993	-2.e-003	5.e-004	7.e-003	29.606
994	-2.e-003	0.	5.5e-003	35.14
995	-2.e-003	5.e-004	6.e-003	33.313
996	-2.e-003	0.	4.5e-003	38.942
997	-2.e-003	5.e-004	5.e-003	37.086
998	-2.e-003	0.	3.5e-003	42.78
999	-2.e-003	5.e-004	4.e-003	40.904
1000	-2.e-003	0.	2.5e-003	46.639
1001	-2.e-003	5.e-004	3.e-003	44.75
1002	-2.e-003	0.	1.5e-003	50.506
1003	-2.e-003	5.e-004	2.e-003	48.611
1004	-2.e-003	5.e-004	1.e-003	52.476
1005	-2.e-003	1.e-003	1.5e-003	50.655
1006	-2.e-003	1.e-003	2.5e-003	46.8
1007	-2.e-003	1.e-003	3.5e-003	42.956
1008	-2.e-003	1.e-003	4.5e-003	39.133
1009	-2.e-003	1.e-003	5.5e-003	35.349
1010	-2.e-003	1.e-003	6.5e-003	31.62
1011	-2.e-003	1.e-003	7.5e-003	27.969
1012	-2.e-003	1.e-003	8.5e-003	24.419
1013	-2.e-003	1.e-003	9.5e-003	20.996
1014	-2.e-003	1.e-003	1.05e-002	17.727
1015	-2.e-003	1.e-003	1.15e-002	14.641
1016	-2.e-003	1.e-003	1.25e-002	11.769
1017	-2.e-003	1.e-003	1.35e-002	9.1431
1018	-2.e-003	1.e-003	1.45e-002	6.7949
1019	-2.e-003	1.e-003	1.55e-002	4.758
1020	-2.e-003	1.e-003	1.65e-002	3.0659
1021	-2.e-003	1.e-003	1.75e-002	1.7522
1022	-2.e-003	1.e-003	1.85e-002	0.8419
1023	2.e-003	0.	1.85e-002	0.39182
1024	2.e-003	5.e-004	1.9e-002	0.28732
1025	2.e-003	0.	1.75e-002	1.2881
1026	2.e-003	5.e-004	1.8e-002	0.91888
1027	2.e-003	0.	1.65e-002	2.6154
1028	2.e-003	5.e-004	1.7e-002	2.0239
1029	2.e-003	0.	1.55e-002	4.3275
1030	2.e-003	5.e-004	1.6e-002	3.5396
1031	2.e-003	0.	1.45e-002	6.3872
1032	2.e-003	5.e-004	1.5e-002	5.4228
1033	2.e-003	0.	1.35e-002	8.7591
1034	2.e-003	5.e-004	1.4e-002	7.6362
1035	2.e-003	0.	1.25e-002	11.409
1036	2.e-003	5.e-004	1.3e-002	10.145
1037	2.e-003	0.	1.15e-002	14.305
1038	2.e-003	5.e-004	1.2e-002	12.916
1039	2.e-003	0.	1.05e-002	17.414
1040	2.e-003	5.e-004	1.1e-002	15.916
1041	2.e-003	0.	9.5e-003	20.706
1042	2.e-003	5.e-004	1.e-002	19.114
1043	2.e-003	0.	8.5e-003	24.151
1044	2.e-003	5.e-004	9.e-003	22.481
1045	2.e-003	0.	7.5e-003	27.722
1046	2.e-003	5.e-004	8.e-003	25.987
1047	2.e-003	0.	6.5e-003	31.393
1048	2.e-003	5.e-004	7.e-003	29.606
1049	2.e-003	0.	5.5e-003	35.14
1050	2.e-003	5.e-004	6.e-003	33.313
1051	2.e-003	0.	4.5e-003	38.942
1052	2.e-003	5.e-004	5.e-003	37.086
1053	2.e-003	0.	3.5e-003	42.78
1054	2.e-003	5.e-004	4.e-003	40.904
1055	2.e-003	0.	2.5e-003	46.639
1056	2.e-003	5.e-004	3.e-003	44.75
1057	2.e-003	0.	1.5e-003	50.506
1058	2.e-003	5.e-004	2.e-003	48.611
1059	2.e-003	5.e-004	1.e-003	52.476
1060	2.e-003	1.e-003	1.5e-003	50.655
1061	2.e-003	1.e-003	2.5e-003	46.8
1062	2.e-003	1.e-003	3.5e-003	42.956
1063	2.e-003	1.e-003	4.5e-003	39.133
1064	2.e-003	1.e-003	5.5e-003	35.349
1065	2.e-003	1.e-003	6.5e-003	31.62
1066	2.e-003	1.e-003	7.5e-003	27.969
1067	2.e-003	1.e-003	8.5e-003	24.419
1068	2.e-003	1.e-003	9.5e-003	20.996
1069	2.e-003	1.e-003	1.05e-002	17.727
1070	2.e-003	1.e-003	1.15e-002	14.641
1071	2.e-003	1.e-003	1.25e-002	11.769
1072	2.e-003	1.e-003	1.35e-002	9.1431
1073	2.e-003	1.e-003	1.45e-002	6.7949
1074	2.e-003	1.e-003	1.55e-002	4.758
1075	2.e-003	1.e-003	1.65e-002	3.0659
1076	2.e-003	1.e-003	1.75e-002	1.7522
1077	2.e-003	1.e-003	1.85e-002	0.8419
