Node Number	X Location (m)	Y Location (m)	Z Location (m)	Total Deformation (m)
1	1.e-003	0.	1.9e-002	1.7409
2	1.e-003	0.	1.8e-002	4.0002
3	1.e-003	0.	1.7e-002	6.4189
4	1.e-003	0.	1.6e-002	8.8341
5	1.e-003	0.	1.5e-002	11.205
6	1.e-003	0.	1.4e-002	13.507
7	1.e-003	0.	1.3e-002	15.722
8	1.e-003	0.	1.2e-002	17.836
9	1.e-003	0.	1.1e-002	19.835
10	1.e-003	0.	1.e-002	21.706
11	1.e-003	0.	9.e-003	23.438
12	1.e-003	0.	8.e-003	25.019
13	1.e-003	0.	7.e-003	26.439
14	1.e-003	0.	6.e-003	27.689
15	1.e-003	0.	5.e-003	28.761
16	1.e-003	0.	4.e-003	29.648
17	1.e-003	0.	3.e-003	30.347
18	1.e-003	0.	2.e-003	30.86
19	1.e-003	0.	1.e-003	31.206
20	0.	0.	1.9e-002	7.8762e-013
21	1.7347e-018	0.	1.8e-002	2.2736e-012
22	0.	0.	1.7e-002	4.187e-012
23	0.	0.	1.6e-002	6.1983e-012
24	0.	0.	1.5e-002	8.3461e-012
25	0.	0.	1.4e-002	1.022e-011
26	0.	0.	1.3e-002	1.1838e-011
27	0.	0.	1.2e-002	1.2755e-011
28	0.	0.	1.1e-002	1.3298e-011
29	-1.0842e-018	0.	1.e-002	1.3328e-011
30	0.	0.	9.e-003	1.2436e-011
31	0.	0.	8.e-003	1.0809e-011
32	0.	0.	7.e-003	8.5851e-012
33	4.3368e-019	0.	6.e-003	5.9909e-012
34	0.	0.	5.e-003	3.8675e-012
35	-2.1684e-019	0.	4.e-003	3.9558e-012
36	0.	0.	3.e-003	6.7703e-012
37	0.	0.	2.e-003	1.0369e-011
38	0.	0.	1.e-003	1.4249e-011
39	-1.e-003	0.	1.9e-002	1.7409
40	-1.e-003	0.	1.8e-002	4.0002
41	-1.e-003	0.	1.7e-002	6.4189
42	-1.e-003	0.	1.6e-002	8.8341
43	-1.e-003	0.	1.5e-002	11.205
44	-1.e-003	0.	1.4e-002	13.507
45	-1.e-003	0.	1.3e-002	15.722
46	-1.e-003	0.	1.2e-002	17.836
47	-1.e-003	0.	1.1e-002	19.835
48	-1.e-003	0.	1.e-002	21.706
49	-1.e-003	0.	9.e-003	23.438
50	-1.e-003	0.	8.e-003	25.019
51	-1.e-003	0.	7.e-003	26.439
52	-1.e-003	0.	6.e-003	27.689
53	-1.e-003	0.	5.e-003	28.761
54	-1.e-003	0.	4.e-003	29.648
55	-1.e-003	0.	3.e-003	30.347
56	-1.e-003	0.	2.e-003	30.86
57	-1.e-003	0.	1.e-003	31.206
58	-1.e-003	1.e-003	1.e-003	44.071
59	-1.e-003	1.e-003	2.e-003	43.591
60	-1.e-003	1.e-003	3.e-003	42.861
61	-1.e-003	1.e-003	4.e-003	41.871
62	-1.e-003	1.e-003	5.e-003	40.618
63	-1.e-003	1.e-003	6.e-003	39.107
64	-1.e-003	1.e-003	7.e-003	37.346
65	-1.e-003	1.e-003	8.e-003	35.346
66	-1.e-003	1.e-003	9.e-003	33.12
67	-1.e-003	1.e-003	1.e-002	30.681
68	-1.e-003	1.e-003	1.1e-002	28.047
69	-1.e-003	1.e-003	1.2e-002	25.235
70	-1.e-003	1.e-003	1.3e-002	22.264
71	-1.e-003	1.e-003	1.4e-002	19.156
72	-1.e-003	1.e-003	1.5e-002	15.936
73	-1.e-003	1.e-003	1.6e-002	12.637
74	-1.e-003	1.e-003	1.7e-002	9.3092
75	-1.e-003	1.e-003	1.8e-002	6.0411
76	-1.e-003	1.e-003	1.9e-002	2.9364
77	0.	1.e-003	1.e-003	31.127
78	0.	1.e-003	2.e-003	30.79
79	0.	1.e-003	3.e-003	30.268
80	-4.3368e-019	1.e-003	4.e-003	29.564
81	0.	1.e-003	5.e-003	28.676
82	8.6736e-019	1.e-003	6.e-003	27.607
83	0.	1.e-003	7.e-003	26.36
84	0.	1.e-003	8.e-003	24.944
85	0.	1.e-003	9.e-003	23.368
86	-2.1684e-018	1.e-003	1.e-002	21.641
87	0.	1.e-003	1.1e-002	19.776
88	0.	1.e-003	1.2e-002	17.783
89	0.	1.e-003	1.3e-002	15.676
90	0.	1.e-003	1.4e-002	13.471
91	0.	1.e-003	1.5e-002	11.184
92	0.	1.e-003	1.6e-002	8.8411
93	0.	1.e-003	1.7e-002	6.4837
94	3.4694e-018	1.e-003	1.8e-002	4.1933
95	0.	1.e-003	1.9e-002	2.0561
96	1.e-003	1.e-003	1.e-003	44.071
97	1.e-003	1.e-003	2.e-003	43.591
98	1.e-003	1.e-003	3.e-003	42.861
99	1.e-003	1.e-003	4.e-003	41.871
100	1.e-003	1.e-003	5.e-003	40.618
101	1.e-003	1.e-003	6.e-003	39.107
102	1.e-003	1.e-003	7.e-003	37.346
103	1.e-003	1.e-003	8.e-003	35.346
104	1.e-003	1.e-003	9.e-003	33.12
105	1.e-003	1.e-003	1.e-002	30.681
106	1.e-003	1.e-003	1.1e-002	28.047
107	1.e-003	1.e-003	1.2e-002	25.235
108	1.e-003	1.e-003	1.3e-002	22.264
109	1.e-003	1.e-003	1.4e-002	19.156
110	1.e-003	1.e-003	1.5e-002	15.936
111	1.e-003	1.e-003	1.6e-002	12.637
112	1.e-003	1.e-003	1.7e-002	9.3092
113	1.e-003	1.e-003	1.8e-002	6.0411
114	1.e-003	1.e-003	1.9e-002	2.9364
115	1.e-003	-1.e-003	1.9e-002	2.9364
116	1.e-003	-1.e-003	1.8e-002	6.0411
117	1.e-003	-1.e-003	1.7e-002	9.3092
118	1.e-003	-1.e-003	1.6e-002	12.637
119	1.e-003	-1.e-003	1.5e-002	15.936
120	1.e-003	-1.e-003	1.4e-002	19.156
121	1.e-003	-1.e-003	1.3e-002	22.264
122	1.e-003	-1.e-003	1.2e-002	25.235
123	1.e-003	-1.e-003	1.1e-002	28.047
124	1.e-003	-1.e-003	1.e-002	30.681
125	1.e-003	-1.e-003	9.e-003	33.12
126	1.e-003	-1.e-003	8.e-003	35.346
127	1.e-003	-1.e-003	7.e-003	37.346
128	1.e-003	-1.e-003	6.e-003	39.107
129	1.e-003	-1.e-003	5.e-003	40.618
130	1.e-003	-1.e-003	4.e-003	41.871
131	1.e-003	-1.e-003	3.e-003	42.861
132	1.e-003	-1.e-003	2.e-003	43.591
133	1.e-003	-1.e-003	1.e-003	44.071
134	0.	-1.e-003	1.9e-002	2.0561
135	0.	-1.e-003	1.8e-002	4.1933
136	0.	-1.e-003	1.7e-002	6.4837
137	0.	-1.e-003	1.6e-002	8.8411
138	0.	-1.e-003	1.5e-002	11.184
139	0.	-1.e-003	1.4e-002	13.471
140	0.	-1.e-003	1.3e-002	15.676
141	0.	-1.e-003	1.2e-002	17.783
142	0.	-1.e-003	1.1e-002	19.776
143	0.	-1.e-003	1.e-002	21.641
144	0.	-1.e-003	9.e-003	23.368
145	0.	-1.e-003	8.e-003	24.944
146	0.	-1.e-003	7.e-003	26.36
147	0.	-1.e-003	6.e-003	27.607
148	0.	-1.e-003	5.e-003	28.676
149	0.	-1.e-003	4.e-003	29.564
150	0.	-1.e-003	3.e-003	30.268
151	0.	-1.e-003	2.e-003	30.79
152	0.	-1.e-003	1.e-003	31.127
153	-1.e-003	-1.e-003	1.9e-002	2.9364
154	-1.e-003	-1.e-003	1.8e-002	6.0411
155	-1.e-003	-1.e-003	1.7e-002	9.3092
156	-1.e-003	-1.e-003	1.6e-002	12.637
157	-1.e-003	-1.e-003	1.5e-002	15.936
158	-1.e-003	-1.e-003	1.4e-002	19.156
159	-1.e-003	-1.e-003	1.3e-002	22.264
160	-1.e-003	-1.e-003	1.2e-002	25.235
161	-1.e-003	-1.e-003	1.1e-002	28.047
162	-1.e-003	-1.e-003	1.e-002	30.681
163	-1.e-003	-1.e-003	9.e-003	33.12
164	-1.e-003	-1.e-003	8.e-003	35.346
165	-1.e-003	-1.e-003	7.e-003	37.346
166	-1.e-003	-1.e-003	6.e-003	39.107
167	-1.e-003	-1.e-003	5.e-003	40.618
168	-1.e-003	-1.e-003	4.e-003	41.871
169	-1.e-003	-1.e-003	3.e-003	42.861
170	-1.e-003	-1.e-003	2.e-003	43.591
171	-1.e-003	-1.e-003	1.e-003	44.071
172	2.e-003	-1.e-003	1.9e-002	4.1837
173	2.e-003	-1.e-003	1.8e-002	9.2991
174	2.e-003	-1.e-003	1.7e-002	14.565
175	2.e-003	-1.e-003	1.6e-002	19.888
176	2.e-003	-1.e-003	1.5e-002	25.139
177	2.e-003	-1.e-003	1.4e-002	30.254
178	2.e-003	-1.e-003	1.3e-002	35.186
179	2.e-003	-1.e-003	1.2e-002	39.897
180	2.e-003	-1.e-003	1.1e-002	44.354
181	2.e-003	-1.e-003	1.e-002	48.529
182	2.e-003	-1.e-003	9.e-003	52.392
183	2.e-003	-1.e-003	8.e-003	55.919
184	2.e-003	-1.e-003	7.e-003	59.088
185	2.e-003	-1.e-003	6.e-003	61.878
186	2.e-003	-1.e-003	5.e-003	64.271
187	2.e-003	-1.e-003	4.e-003	66.254
188	2.e-003	-1.e-003	3.e-003	67.818
189	2.e-003	-1.e-003	2.e-003	68.964
190	2.e-003	-1.e-003	1.e-003	69.706
191	-2.e-003	-1.e-003	1.9e-002	4.1837
192	-2.e-003	-1.e-003	1.8e-002	9.2991
193	-2.e-003	-1.e-003	1.7e-002	14.565
194	-2.e-003	-1.e-003	1.6e-002	19.888
195	-2.e-003	-1.e-003	1.5e-002	25.139
196	-2.e-003	-1.e-003	1.4e-002	30.254
197	-2.e-003	-1.e-003	1.3e-002	35.186
198	-2.e-003	-1.e-003	1.2e-002	39.897
199	-2.e-003	-1.e-003	1.1e-002	44.354
200	-2.e-003	-1.e-003	1.e-002	48.529
201	-2.e-003	-1.e-003	9.e-003	52.392
202	-2.e-003	-1.e-003	8.e-003	55.919
203	-2.e-003	-1.e-003	7.e-003	59.088
204	-2.e-003	-1.e-003	6.e-003	61.878
205	-2.e-003	-1.e-003	5.e-003	64.271
206	-2.e-003	-1.e-003	4.e-003	66.254
207	-2.e-003	-1.e-003	3.e-003	67.818
208	-2.e-003	-1.e-003	2.e-003	68.964
209	-2.e-003	-1.e-003	1.e-003	69.706
210	2.e-003	-1.e-003	2.e-002	0.
211	1.e-003	-1.e-003	2.e-002	0.
212	0.	-1.e-003	2.e-002	0.
213	-1.e-003	-1.e-003	2.e-002	0.
214	-2.e-003	-1.e-003	2.e-002	0.
215	2.e-003	-1.e-003	0.	70.102
216	1.e-003	-1.e-003	0.	44.308
217	0.	-1.e-003	0.	31.201
218	-1.e-003	-1.e-003	0.	44.308
219	-2.e-003	-1.e-003	0.	70.102
220	1.e-003	0.	0.	31.446
221	0.	0.	0.	1.8e-011
222	-1.e-003	0.	0.	31.446
223	1.e-003	1.e-003	0.	44.308
224	0.	1.e-003	0.	31.201
225	-1.e-003	1.e-003	0.	44.308
226	2.e-003	1.e-003	0.	70.102
227	2.e-003	0.	0.	62.741
228	-2.e-003	0.	0.	62.741
229	-2.e-003	1.e-003	0.	70.102
230	1.e-003	0.	2.e-002	0.
231	0.	0.	2.e-002	0.
232	-1.e-003	0.	2.e-002	0.
233	1.e-003	1.e-003	2.e-002	0.
234	0.	1.e-003	2.e-002	0.
235	-1.e-003	1.e-003	2.e-002	0.
236	2.e-003	1.e-003	2.e-002	0.
237	2.e-003	0.	2.e-002	0.
238	-2.e-003	0.	2.e-002	0.
239	-2.e-003	1.e-003	2.e-002	0.
240	-2.e-003	0.	1.9e-002	3.5254
241	-2.e-003	0.	1.8e-002	8.0713
242	-2.e-003	0.	1.7e-002	12.868
243	-2.e-003	0.	1.6e-002	17.677
244	-2.e-003	0.	1.5e-002	22.406
245	-2.e-003	0.	1.4e-002	27.002
246	-2.e-003	0.	1.3e-002	31.428
247	-2.e-003	0.	1.2e-002	35.653
248	-2.e-003	0.	1.1e-002	39.648
249	-2.e-003	0.	1.e-002	43.389
250	-2.e-003	0.	9.e-003	46.851
251	-2.e-003	0.	8.e-003	50.011
252	-2.e-003	0.	7.e-003	52.85
253	-2.e-003	0.	6.e-003	55.348
254	-2.e-003	0.	5.e-003	57.491
255	-2.e-003	0.	4.e-003	59.266
256	-2.e-003	0.	3.e-003	60.665
257	-2.e-003	0.	2.e-003	61.688
258	-2.e-003	0.	1.e-003	62.354
259	-2.e-003	1.e-003	1.e-003	69.706
260	-2.e-003	1.e-003	2.e-003	68.964
261	-2.e-003	1.e-003	3.e-003	67.818
262	-2.e-003	1.e-003	4.e-003	66.254
263	-2.e-003	1.e-003	5.e-003	64.271
264	-2.e-003	1.e-003	6.e-003	61.878
265	-2.e-003	1.e-003	7.e-003	59.088
266	-2.e-003	1.e-003	8.e-003	55.919
267	-2.e-003	1.e-003	9.e-003	52.392
268	-2.e-003	1.e-003	1.e-002	48.529
269	-2.e-003	1.e-003	1.1e-002	44.354
270	-2.e-003	1.e-003	1.2e-002	39.897
271	-2.e-003	1.e-003	1.3e-002	35.186
272	-2.e-003	1.e-003	1.4e-002	30.254
273	-2.e-003	1.e-003	1.5e-002	25.139
274	-2.e-003	1.e-003	1.6e-002	19.888
275	-2.e-003	1.e-003	1.7e-002	14.565
276	-2.e-003	1.e-003	1.8e-002	9.2991
277	-2.e-003	1.e-003	1.9e-002	4.1837
278	2.e-003	0.	1.9e-002	3.5254
279	2.e-003	0.	1.8e-002	8.0713
280	2.e-003	0.	1.7e-002	12.868
281	2.e-003	0.	1.6e-002	17.677
282	2.e-003	0.	1.5e-002	22.406
283	2.e-003	0.	1.4e-002	27.002
284	2.e-003	0.	1.3e-002	31.428
285	2.e-003	0.	1.2e-002	35.653
286	2.e-003	0.	1.1e-002	39.648
287	2.e-003	0.	1.e-002	43.389
288	2.e-003	0.	9.e-003	46.851
289	2.e-003	0.	8.e-003	50.011
290	2.e-003	0.	7.e-003	52.85
291	2.e-003	0.	6.e-003	55.348
292	2.e-003	0.	5.e-003	57.491
293	2.e-003	0.	4.e-003	59.266
294	2.e-003	0.	3.e-003	60.665
295	2.e-003	0.	2.e-003	61.688
296	2.e-003	0.	1.e-003	62.354
297	2.e-003	1.e-003	1.e-003	69.706
298	2.e-003	1.e-003	2.e-003	68.964
299	2.e-003	1.e-003	3.e-003	67.818
300	2.e-003	1.e-003	4.e-003	66.254
301	2.e-003	1.e-003	5.e-003	64.271
302	2.e-003	1.e-003	6.e-003	61.878
303	2.e-003	1.e-003	7.e-003	59.088
304	2.e-003	1.e-003	8.e-003	55.919
305	2.e-003	1.e-003	9.e-003	52.392
306	2.e-003	1.e-003	1.e-002	48.529
307	2.e-003	1.e-003	1.1e-002	44.354
308	2.e-003	1.e-003	1.2e-002	39.897
309	2.e-003	1.e-003	1.3e-002	35.186
310	2.e-003	1.e-003	1.4e-002	30.254
311	2.e-003	1.e-003	1.5e-002	25.139
312	2.e-003	1.e-003	1.6e-002	19.888
313	2.e-003	1.e-003	1.7e-002	14.565
314	2.e-003	1.e-003	1.8e-002	9.2991
315	2.e-003	1.e-003	1.9e-002	4.1837
316	1.e-003	0.	1.85e-002	2.816
317	5.e-004	0.	1.9e-002	0.85752
318	1.e-003	5.e-004	1.9e-002	2.0402
319	1.e-003	-5.e-004	1.9e-002	2.0402
320	1.e-003	0.	1.95e-002	0.67681
321	1.5e-003	0.	1.9e-002	2.6353
322	1.e-003	0.	1.75e-002	5.204
323	5.e-004	0.	1.8e-002	1.9936
324	1.e-003	5.e-004	1.8e-002	4.5939
325	1.e-003	-5.e-004	1.8e-002	4.5939
326	1.5e-003	0.	1.8e-002	6.0239
327	1.e-003	0.	1.65e-002	7.6302
328	5.e-004	0.	1.7e-002	3.2072
329	1.e-003	5.e-004	1.7e-002	7.2409
330	1.e-003	-5.e-004	1.7e-002	7.2409
331	1.5e-003	0.	1.7e-002	9.6404
332	1.e-003	0.	1.55e-002	10.027
333	5.e-004	0.	1.6e-002	4.4164
334	1.e-003	5.e-004	1.6e-002	9.9165
335	1.e-003	-5.e-004	1.6e-002	9.9165
336	1.5e-003	0.	1.6e-002	13.254
337	1.e-003	0.	1.45e-002	12.366
338	5.e-004	0.	1.5e-002	5.6033
339	1.e-003	5.e-004	1.5e-002	12.551
340	1.e-003	-5.e-004	1.5e-002	12.551
341	1.5e-003	0.	1.5e-002	16.806
342	1.e-003	0.	1.35e-002	14.626
343	5.e-004	0.	1.4e-002	6.7545
344	1.e-003	5.e-004	1.4e-002	15.114
345	1.e-003	-5.e-004	1.4e-002	15.114
346	1.5e-003	0.	1.4e-002	20.255
347	1.e-003	0.	1.25e-002	16.792
348	5.e-004	0.	1.3e-002	7.8624
349	1.e-003	5.e-004	1.3e-002	17.583
350	1.e-003	-5.e-004	1.3e-002	17.583
351	1.5e-003	0.	1.3e-002	23.576
352	1.e-003	0.	1.15e-002	18.85
353	5.e-004	0.	1.2e-002	8.9196
354	1.e-003	5.e-004	1.2e-002	19.941
355	1.e-003	-5.e-004	1.2e-002	19.941
356	1.5e-003	0.	1.2e-002	26.746
357	1.e-003	0.	1.05e-002	20.787
358	5.e-004	0.	1.1e-002	9.9194
359	1.e-003	5.e-004	1.1e-002	22.172
360	1.e-003	-5.e-004	1.1e-002	22.172
361	1.5e-003	0.	1.1e-002	29.744
362	1.e-003	0.	9.5e-003	22.59
363	5.e-004	0.	1.e-002	10.855
364	1.e-003	5.e-004	1.e-002	24.26
365	1.e-003	-5.e-004	1.e-002	24.26
366	1.5e-003	0.	1.e-002	32.55
367	1.e-003	0.	8.5e-003	24.248
368	5.e-004	0.	9.e-003	11.721
369	1.e-003	5.e-004	9.e-003	26.193
370	1.e-003	-5.e-004	9.e-003	26.193
371	1.5e-003	0.	9.e-003	35.147
372	1.e-003	0.	7.5e-003	25.75
373	5.e-004	0.	8.e-003	12.512
374	1.e-003	5.e-004	8.e-003	27.958
375	1.e-003	-5.e-004	8.e-003	27.958
376	1.5e-003	0.	8.e-003	37.518
377	1.e-003	0.	6.5e-003	27.086
378	5.e-004	0.	7.e-003	13.222
379	1.e-003	5.e-004	7.e-003	29.543
380	1.e-003	-5.e-004	7.e-003	29.543
381	1.5e-003	0.	7.e-003	39.647
382	1.e-003	0.	5.5e-003	28.247
383	5.e-004	0.	6.e-003	13.847
384	1.e-003	5.e-004	6.e-003	30.939
385	1.e-003	-5.e-004	6.e-003	30.939
386	1.5e-003	0.	6.e-003	41.521
387	1.e-003	0.	4.5e-003	29.228
388	5.e-004	0.	5.e-003	14.383
389	1.e-003	5.e-004	5.e-003	32.136
390	1.e-003	-5.e-004	5.e-003	32.136
391	1.5e-003	0.	5.e-003	43.129
392	1.e-003	0.	3.5e-003	30.021
393	5.e-004	0.	4.e-003	14.827
394	1.e-003	5.e-004	4.e-003	33.127
395	1.e-003	-5.e-004	4.e-003	33.127
396	1.5e-003	0.	4.e-003	44.46
397	1.e-003	0.	2.5e-003	30.626
398	5.e-004	0.	3.e-003	15.176
399	1.e-003	5.e-004	3.e-003	33.91
400	1.e-003	-5.e-004	3.e-003	33.91
401	1.5e-003	0.	3.e-003	45.508
402	1.e-003	0.	1.5e-003	31.051
403	5.e-004	0.	2.e-003	15.433
404	1.e-003	5.e-004	2.e-003	34.485
405	1.e-003	-5.e-004	2.e-003	34.485
406	1.5e-003	0.	2.e-003	46.276
407	5.e-004	0.	1.e-003	15.608
408	1.e-003	5.e-004	1.e-003	34.869
409	1.e-003	-5.e-004	1.e-003	34.869
410	1.e-003	0.	5.e-004	31.33
411	1.5e-003	0.	1.e-003	46.785
412	8.6736e-019	0.	1.85e-002	1.4762e-012
413	-5.e-004	0.	1.9e-002	0.85752
414	0.	5.e-004	1.9e-002	1.0983
415	0.	-5.e-004	1.9e-002	1.0983
416	0.	0.	1.95e-002	4.4003e-013
417	8.6736e-019	0.	1.75e-002	3.2374e-012
418	-5.e-004	0.	1.8e-002	1.9936
419	2.6021e-018	5.e-004	1.8e-002	2.1243
420	8.6736e-019	-5.e-004	1.8e-002	2.1243
421	0.	0.	1.65e-002	5.1539e-012
422	-5.e-004	0.	1.7e-002	3.2072
423	0.	5.e-004	1.7e-002	3.253
424	0.	-5.e-004	1.7e-002	3.253
425	0.	0.	1.55e-002	7.2576e-012
426	-5.e-004	0.	1.6e-002	4.4164
427	0.	5.e-004	1.6e-002	4.4214
428	0.	-5.e-004	1.6e-002	4.4214
429	0.	0.	1.45e-002	9.2811e-012
430	-5.e-004	0.	1.5e-002	5.6033
431	0.	5.e-004	1.5e-002	5.5882
432	0.	-5.e-004	1.5e-002	5.5882
433	0.	0.	1.35e-002	1.1157e-011
434	-5.e-004	0.	1.4e-002	6.7545
435	0.	5.e-004	1.4e-002	6.729
436	0.	-5.e-004	1.4e-002	6.729
437	0.	0.	1.25e-002	1.2393e-011
438	-5.e-004	0.	1.3e-002	7.8624
439	0.	5.e-004	1.3e-002	7.8302
440	0.	-5.e-004	1.3e-002	7.8302
441	0.	0.	1.15e-002	1.3188e-011
442	-5.e-004	0.	1.2e-002	8.9196
443	0.	5.e-004	1.2e-002	8.8823
444	0.	-5.e-004	1.2e-002	8.8823
445	-4.3368e-019	0.	1.05e-002	1.3382e-011
446	-5.e-004	0.	1.1e-002	9.9194
447	0.	5.e-004	1.1e-002	9.8776
448	0.	-5.e-004	1.1e-002	9.8776
449	-4.3368e-019	0.	9.5e-003	1.2952e-011
450	-5.e-004	0.	1.e-002	10.855
451	-1.6263e-018	5.e-004	1.e-002	10.81
452	-5.421e-019	-5.e-004	1.e-002	10.81
453	0.	0.	8.5e-003	1.1785e-011
454	-5.e-004	0.	9.e-003	11.721
455	0.	5.e-004	9.e-003	11.672
456	0.	-5.e-004	9.e-003	11.672
457	0.	0.	7.5e-003	9.7945e-012
458	-5.e-004	0.	8.e-003	12.512
459	0.	5.e-004	8.e-003	12.459
460	0.	-5.e-004	8.e-003	12.459
461	2.1684e-019	0.	6.5e-003	7.4093e-012
462	-5.e-004	0.	7.e-003	13.222
463	0.	5.e-004	7.e-003	13.166
464	0.	-5.e-004	7.e-003	13.166
465	2.1684e-019	0.	5.5e-003	4.8739e-012
466	-5.e-004	0.	6.e-003	13.847
467	6.5052e-019	5.e-004	6.e-003	13.789
468	2.1684e-019	-5.e-004	6.e-003	13.789
469	0.	0.	4.5e-003	3.4499e-012
470	-5.e-004	0.	5.e-003	14.383
471	0.	5.e-004	5.e-003	14.324
472	0.	-5.e-004	5.e-003	14.324
473	0.	0.	3.5e-003	5.1373e-012
474	-5.e-004	0.	4.e-003	14.827
475	-3.2526e-019	5.e-004	4.e-003	14.768
476	-1.0842e-019	-5.e-004	4.e-003	14.768
477	0.	0.	2.5e-003	8.5098e-012
478	-5.e-004	0.	3.e-003	15.176
479	0.	5.e-004	3.e-003	15.12
480	0.	-5.e-004	3.e-003	15.12
481	0.	0.	1.5e-003	1.2437e-011
482	-5.e-004	0.	2.e-003	15.433
483	0.	5.e-004	2.e-003	15.382
484	0.	-5.e-004	2.e-003	15.382
485	-5.e-004	0.	1.e-003	15.608
486	0.	5.e-004	1.e-003	15.55
487	0.	-5.e-004	1.e-003	15.55
488	0.	0.	5.e-004	1.6093e-011
489	-1.e-003	0.	1.85e-002	2.816
490	-1.e-003	5.e-004	1.9e-002	2.0402
491	-1.e-003	-5.e-004	1.9e-002	2.0402
492	-1.e-003	0.	1.95e-002	0.67681
493	-1.5e-003	0.	1.9e-002	2.6353
494	-1.e-003	0.	1.75e-002	5.204
495	-1.e-003	5.e-004	1.8e-002	4.5939
496	-1.e-003	-5.e-004	1.8e-002	4.5939
497	-1.5e-003	0.	1.8e-002	6.0239
498	-1.e-003	0.	1.65e-002	7.6302
499	-1.e-003	5.e-004	1.7e-002	7.2409
500	-1.e-003	-5.e-004	1.7e-002	7.2409
501	-1.5e-003	0.	1.7e-002	9.6404
502	-1.e-003	0.	1.55e-002	10.027
503	-1.e-003	5.e-004	1.6e-002	9.9165
504	-1.e-003	-5.e-004	1.6e-002	9.9165
505	-1.5e-003	0.	1.6e-002	13.254
506	-1.e-003	0.	1.45e-002	12.366
507	-1.e-003	5.e-004	1.5e-002	12.551
508	-1.e-003	-5.e-004	1.5e-002	12.551
509	-1.5e-003	0.	1.5e-002	16.806
510	-1.e-003	0.	1.35e-002	14.626
511	-1.e-003	5.e-004	1.4e-002	15.114
512	-1.e-003	-5.e-004	1.4e-002	15.114
513	-1.5e-003	0.	1.4e-002	20.255
514	-1.e-003	0.	1.25e-002	16.792
515	-1.e-003	5.e-004	1.3e-002	17.583
516	-1.e-003	-5.e-004	1.3e-002	17.583
517	-1.5e-003	0.	1.3e-002	23.576
518	-1.e-003	0.	1.15e-002	18.85
519	-1.e-003	5.e-004	1.2e-002	19.941
520	-1.e-003	-5.e-004	1.2e-002	19.941
521	-1.5e-003	0.	1.2e-002	26.746
522	-1.e-003	0.	1.05e-002	20.787
523	-1.e-003	5.e-004	1.1e-002	22.172
524	-1.e-003	-5.e-004	1.1e-002	22.172
525	-1.5e-003	0.	1.1e-002	29.744
526	-1.e-003	0.	9.5e-003	22.59
527	-1.e-003	5.e-004	1.e-002	24.26
528	-1.e-003	-5.e-004	1.e-002	24.26
529	-1.5e-003	0.	1.e-002	32.55
530	-1.e-003	0.	8.5e-003	24.248
531	-1.e-003	5.e-004	9.e-003	26.193
532	-1.e-003	-5.e-004	9.e-003	26.193
533	-1.5e-003	0.	9.e-003	35.147
534	-1.e-003	0.	7.5e-003	25.75
535	-1.e-003	5.e-004	8.e-003	27.958
536	-1.e-003	-5.e-004	8.e-003	27.958
537	-1.5e-003	0.	8.e-003	37.518
538	-1.e-003	0.	6.5e-003	27.086
539	-1.e-003	5.e-004	7.e-003	29.543
540	-1.e-003	-5.e-004	7.e-003	29.543
541	-1.5e-003	0.	7.e-003	39.647
542	-1.e-003	0.	5.5e-003	28.247
543	-1.e-003	5.e-004	6.e-003	30.939
544	-1.e-003	-5.e-004	6.e-003	30.939
545	-1.5e-003	0.	6.e-003	41.521
546	-1.e-003	0.	4.5e-003	29.228
547	-1.e-003	5.e-004	5.e-003	32.136
548	-1.e-003	-5.e-004	5.e-003	32.136
549	-1.5e-003	0.	5.e-003	43.129
550	-1.e-003	0.	3.5e-003	30.021
551	-1.e-003	5.e-004	4.e-003	33.127
552	-1.e-003	-5.e-004	4.e-003	33.127
553	-1.5e-003	0.	4.e-003	44.46
554	-1.e-003	0.	2.5e-003	30.626
555	-1.e-003	5.e-004	3.e-003	33.91
556	-1.e-003	-5.e-004	3.e-003	33.91
557	-1.5e-003	0.	3.e-003	45.508
558	-1.e-003	0.	1.5e-003	31.051
559	-1.e-003	5.e-004	2.e-003	34.485
560	-1.e-003	-5.e-004	2.e-003	34.485
561	-1.5e-003	0.	2.e-003	46.276
562	-1.e-003	5.e-004	1.e-003	34.869
563	-1.e-003	-5.e-004	1.e-003	34.869
564	-1.e-003	0.	5.e-004	31.33
565	-1.5e-003	0.	1.e-003	46.785
566	-1.e-003	1.e-003	1.5e-003	43.862
567	-5.e-004	1.e-003	1.e-003	34.819
568	-1.e-003	1.e-003	5.e-004	44.227
569	-1.5e-003	1.e-003	1.e-003	56.196
570	-1.e-003	1.e-003	2.5e-003	43.258
571	-5.e-004	1.e-003	2.e-003	34.438
572	-1.5e-003	1.e-003	2.e-003	55.591
573	-1.e-003	1.e-003	3.5e-003	42.399
574	-5.e-004	1.e-003	3.e-003	33.858
575	-1.5e-003	1.e-003	3.e-003	54.665
576	-1.e-003	1.e-003	4.5e-003	41.277
577	-5.e-004	1.e-003	4.e-003	33.073
578	-1.5e-003	1.e-003	4.e-003	53.404
579	-1.e-003	1.e-003	5.5e-003	39.895
580	-5.e-004	1.e-003	5.e-003	32.082
581	-1.5e-003	1.e-003	5.e-003	51.808
582	-1.e-003	1.e-003	6.5e-003	38.258
583	-5.e-004	1.e-003	6.e-003	30.886
584	-1.5e-003	1.e-003	6.e-003	49.881
585	-1.e-003	1.e-003	7.5e-003	36.375
586	-5.e-004	1.e-003	7.e-003	29.493
587	-1.5e-003	1.e-003	7.e-003	47.636
588	-1.e-003	1.e-003	8.5e-003	34.26
589	-5.e-004	1.e-003	8.e-003	27.911
590	-1.5e-003	1.e-003	8.e-003	45.085
591	-1.e-003	1.e-003	9.5e-003	31.926
592	-5.e-004	1.e-003	9.e-003	26.15
593	-1.5e-003	1.e-003	9.e-003	42.246
594	-1.e-003	1.e-003	1.05e-002	29.388
595	-5.e-004	1.e-003	1.e-002	24.221
596	-1.5e-003	1.e-003	1.e-002	39.137
597	-1.e-003	1.e-003	1.15e-002	26.663
598	-5.e-004	1.e-003	1.1e-002	22.137
599	-1.5e-003	1.e-003	1.1e-002	35.778
600	-1.e-003	1.e-003	1.25e-002	23.768
601	-5.e-004	1.e-003	1.2e-002	19.912
602	-1.5e-003	1.e-003	1.2e-002	32.193
603	-1.e-003	1.e-003	1.35e-002	20.726
604	-5.e-004	1.e-003	1.3e-002	17.56
605	-1.5e-003	1.e-003	1.3e-002	28.405
606	-1.e-003	1.e-003	1.45e-002	17.558
607	-5.e-004	1.e-003	1.4e-002	15.098
608	-1.5e-003	1.e-003	1.4e-002	24.442
609	-1.e-003	1.e-003	1.55e-002	14.293
610	-5.e-004	1.e-003	1.5e-002	12.547
611	-1.5e-003	1.e-003	1.5e-002	20.335
612	-1.e-003	1.e-003	1.65e-002	10.972
613	-5.e-004	1.e-003	1.6e-002	9.9341
614	-1.5e-003	1.e-003	1.6e-002	16.126
615	-1.e-003	1.e-003	1.75e-002	7.6621
616	-5.e-004	1.e-003	1.7e-002	7.303
617	-1.5e-003	1.e-003	1.7e-002	11.877
618	-1.e-003	1.e-003	1.85e-002	4.4793
619	-5.e-004	1.e-003	1.8e-002	4.7319
620	-1.5e-003	1.e-003	1.8e-002	7.6774
621	-5.e-004	1.e-003	1.9e-002	2.3318
622	-1.e-003	1.e-003	1.95e-002	1.5193
623	-1.5e-003	1.e-003	1.9e-002	3.7236
624	0.	1.e-003	1.5e-003	30.984
625	5.e-004	1.e-003	1.e-003	34.819
626	0.	1.e-003	5.e-004	31.23
627	0.	1.e-003	2.5e-003	30.551
628	5.e-004	1.e-003	2.e-003	34.438
629	0.	1.e-003	3.5e-003	29.939
630	5.e-004	1.e-003	3.e-003	33.858
631	0.	1.e-003	4.5e-003	29.143
632	5.e-004	1.e-003	4.e-003	33.073
633	4.3368e-019	1.e-003	5.5e-003	28.164
634	5.e-004	1.e-003	5.e-003	32.082
635	4.3368e-019	1.e-003	6.5e-003	27.005
636	5.e-004	1.e-003	6.e-003	30.886
637	0.	1.e-003	7.5e-003	25.673
638	5.e-004	1.e-003	7.e-003	29.493
639	0.	1.e-003	8.5e-003	24.176
640	5.e-004	1.e-003	8.e-003	27.911
641	-8.6736e-019	1.e-003	9.5e-003	22.523
642	5.e-004	1.e-003	9.e-003	26.15
643	-8.6736e-019	1.e-003	1.05e-002	20.725
644	5.e-004	1.e-003	1.e-002	24.221
645	0.	1.e-003	1.15e-002	18.794
646	5.e-004	1.e-003	1.1e-002	22.137
647	0.	1.e-003	1.25e-002	16.743
648	5.e-004	1.e-003	1.2e-002	19.912
649	0.	1.e-003	1.35e-002	14.585
650	5.e-004	1.e-003	1.3e-002	17.56
651	0.	1.e-003	1.45e-002	12.336
652	5.e-004	1.e-003	1.4e-002	15.098
653	0.	1.e-003	1.55e-002	10.017
654	5.e-004	1.e-003	1.5e-002	12.547
655	0.	1.e-003	1.65e-002	7.6589
656	5.e-004	1.e-003	1.6e-002	9.9341
657	1.7347e-018	1.e-003	1.75e-002	5.321
658	5.e-004	1.e-003	1.7e-002	7.303
659	1.7347e-018	1.e-003	1.85e-002	3.0968
660	5.e-004	1.e-003	1.8e-002	4.7319
661	5.e-004	1.e-003	1.9e-002	2.3318
662	0.	1.e-003	1.95e-002	1.1521
663	1.e-003	1.e-003	1.5e-003	43.862
664	1.e-003	1.e-003	5.e-004	44.227
665	1.5e-003	1.e-003	1.e-003	56.196
666	1.e-003	1.e-003	2.5e-003	43.258
667	1.5e-003	1.e-003	2.e-003	55.591
668	1.e-003	1.e-003	3.5e-003	42.399
669	1.5e-003	1.e-003	3.e-003	54.665
670	1.e-003	1.e-003	4.5e-003	41.277
671	1.5e-003	1.e-003	4.e-003	53.404
672	1.e-003	1.e-003	5.5e-003	39.895
673	1.5e-003	1.e-003	5.e-003	51.808
674	1.e-003	1.e-003	6.5e-003	38.258
675	1.5e-003	1.e-003	6.e-003	49.881
676	1.e-003	1.e-003	7.5e-003	36.375
677	1.5e-003	1.e-003	7.e-003	47.636
678	1.e-003	1.e-003	8.5e-003	34.26
679	1.5e-003	1.e-003	8.e-003	45.085
680	1.e-003	1.e-003	9.5e-003	31.926
681	1.5e-003	1.e-003	9.e-003	42.246
682	1.e-003	1.e-003	1.05e-002	29.388
683	1.5e-003	1.e-003	1.e-002	39.137
684	1.e-003	1.e-003	1.15e-002	26.663
685	1.5e-003	1.e-003	1.1e-002	35.778
686	1.e-003	1.e-003	1.25e-002	23.768
687	1.5e-003	1.e-003	1.2e-002	32.193
688	1.e-003	1.e-003	1.35e-002	20.726
689	1.5e-003	1.e-003	1.3e-002	28.405
690	1.e-003	1.e-003	1.45e-002	17.558
691	1.5e-003	1.e-003	1.4e-002	24.442
692	1.e-003	1.e-003	1.55e-002	14.293
693	1.5e-003	1.e-003	1.5e-002	20.335
694	1.e-003	1.e-003	1.65e-002	10.972
695	1.5e-003	1.e-003	1.6e-002	16.126
696	1.e-003	1.e-003	1.75e-002	7.6621
697	1.5e-003	1.e-003	1.7e-002	11.877
698	1.e-003	1.e-003	1.85e-002	4.4793
699	1.5e-003	1.e-003	1.8e-002	7.6774
700	1.e-003	1.e-003	1.95e-002	1.5193
701	1.5e-003	1.e-003	1.9e-002	3.7236
702	1.e-003	-1.e-003	1.85e-002	4.4793
703	5.e-004	-1.e-003	1.9e-002	2.3318
704	1.5e-003	-1.e-003	1.9e-002	3.7236
705	1.e-003	-1.e-003	1.95e-002	1.5193
706	1.e-003	-1.e-003	1.75e-002	7.6621
707	5.e-004	-1.e-003	1.8e-002	4.7319
708	1.5e-003	-1.e-003	1.8e-002	7.6774
709	1.e-003	-1.e-003	1.65e-002	10.972
710	5.e-004	-1.e-003	1.7e-002	7.303
711	1.5e-003	-1.e-003	1.7e-002	11.877
712	1.e-003	-1.e-003	1.55e-002	14.293
713	5.e-004	-1.e-003	1.6e-002	9.9341
714	1.5e-003	-1.e-003	1.6e-002	16.126
715	1.e-003	-1.e-003	1.45e-002	17.558
716	5.e-004	-1.e-003	1.5e-002	12.547
717	1.5e-003	-1.e-003	1.5e-002	20.335
718	1.e-003	-1.e-003	1.35e-002	20.726
719	5.e-004	-1.e-003	1.4e-002	15.098
720	1.5e-003	-1.e-003	1.4e-002	24.442
721	1.e-003	-1.e-003	1.25e-002	23.768
722	5.e-004	-1.e-003	1.3e-002	17.56
723	1.5e-003	-1.e-003	1.3e-002	28.405
724	1.e-003	-1.e-003	1.15e-002	26.663
725	5.e-004	-1.e-003	1.2e-002	19.912
726	1.5e-003	-1.e-003	1.2e-002	32.193
727	1.e-003	-1.e-003	1.05e-002	29.388
728	5.e-004	-1.e-003	1.1e-002	22.137
729	1.5e-003	-1.e-003	1.1e-002	35.778
730	1.e-003	-1.e-003	9.5e-003	31.926
731	5.e-004	-1.e-003	1.e-002	24.221
732	1.5e-003	-1.e-003	1.e-002	39.137
733	1.e-003	-1.e-003	8.5e-003	34.26
734	5.e-004	-1.e-003	9.e-003	26.15
735	1.5e-003	-1.e-003	9.e-003	42.246
736	1.e-003	-1.e-003	7.5e-003	36.375
737	5.e-004	-1.e-003	8.e-003	27.911
738	1.5e-003	-1.e-003	8.e-003	45.085
739	1.e-003	-1.e-003	6.5e-003	38.258
740	5.e-004	-1.e-003	7.e-003	29.493
741	1.5e-003	-1.e-003	7.e-003	47.636
742	1.e-003	-1.e-003	5.5e-003	39.895
743	5.e-004	-1.e-003	6.e-003	30.886
744	1.5e-003	-1.e-003	6.e-003	49.881
745	1.e-003	-1.e-003	4.5e-003	41.277
746	5.e-004	-1.e-003	5.e-003	32.082
747	1.5e-003	-1.e-003	5.e-003	51.808
748	1.e-003	-1.e-003	3.5e-003	42.399
749	5.e-004	-1.e-003	4.e-003	33.073
750	1.5e-003	-1.e-003	4.e-003	53.404
751	1.e-003	-1.e-003	2.5e-003	43.258
752	5.e-004	-1.e-003	3.e-003	33.858
753	1.5e-003	-1.e-003	3.e-003	54.665
754	1.e-003	-1.e-003	1.5e-003	43.862
755	5.e-004	-1.e-003	2.e-003	34.438
756	1.5e-003	-1.e-003	2.e-003	55.591
757	5.e-004	-1.e-003	1.e-003	34.819
758	1.5e-003	-1.e-003	1.e-003	56.196
759	1.e-003	-1.e-003	5.e-004	44.227
760	0.	-1.e-003	1.85e-002	3.0968
761	-5.e-004	-1.e-003	1.9e-002	2.3318
762	0.	-1.e-003	1.95e-002	1.1521
763	0.	-1.e-003	1.75e-002	5.321
764	-5.e-004	-1.e-003	1.8e-002	4.7319
765	0.	-1.e-003	1.65e-002	7.6589
766	-5.e-004	-1.e-003	1.7e-002	7.303
767	0.	-1.e-003	1.55e-002	10.017
768	-5.e-004	-1.e-003	1.6e-002	9.9341
769	0.	-1.e-003	1.45e-002	12.336
770	-5.e-004	-1.e-003	1.5e-002	12.547
771	0.	-1.e-003	1.35e-002	14.585
772	-5.e-004	-1.e-003	1.4e-002	15.098
773	0.	-1.e-003	1.25e-002	16.743
774	-5.e-004	-1.e-003	1.3e-002	17.56
775	0.	-1.e-003	1.15e-002	18.794
776	-5.e-004	-1.e-003	1.2e-002	19.912
777	0.	-1.e-003	1.05e-002	20.725
778	-5.e-004	-1.e-003	1.1e-002	22.137
779	0.	-1.e-003	9.5e-003	22.523
780	-5.e-004	-1.e-003	1.e-002	24.221
781	0.	-1.e-003	8.5e-003	24.176
782	-5.e-004	-1.e-003	9.e-003	26.15
783	0.	-1.e-003	7.5e-003	25.673
784	-5.e-004	-1.e-003	8.e-003	27.911
785	0.	-1.e-003	6.5e-003	27.005
786	-5.e-004	-1.e-003	7.e-003	29.493
787	0.	-1.e-003	5.5e-003	28.164
788	-5.e-004	-1.e-003	6.e-003	30.886
789	0.	-1.e-003	4.5e-003	29.143
790	-5.e-004	-1.e-003	5.e-003	32.082
791	0.	-1.e-003	3.5e-003	29.939
792	-5.e-004	-1.e-003	4.e-003	33.073
793	0.	-1.e-003	2.5e-003	30.551
794	-5.e-004	-1.e-003	3.e-003	33.858
795	0.	-1.e-003	1.5e-003	30.984
796	-5.e-004	-1.e-003	2.e-003	34.438
797	-5.e-004	-1.e-003	1.e-003	34.819
798	0.	-1.e-003	5.e-004	31.23
799	-1.e-003	-1.e-003	1.85e-002	4.4793
800	-1.5e-003	-1.e-003	1.9e-002	3.7236
801	-1.e-003	-1.e-003	1.95e-002	1.5193
802	-1.e-003	-1.e-003	1.75e-002	7.6621
803	-1.5e-003	-1.e-003	1.8e-002	7.6774
804	-1.e-003	-1.e-003	1.65e-002	10.972
805	-1.5e-003	-1.e-003	1.7e-002	11.877
806	-1.e-003	-1.e-003	1.55e-002	14.293
807	-1.5e-003	-1.e-003	1.6e-002	16.126
808	-1.e-003	-1.e-003	1.45e-002	17.558
809	-1.5e-003	-1.e-003	1.5e-002	20.335
810	-1.e-003	-1.e-003	1.35e-002	20.726
811	-1.5e-003	-1.e-003	1.4e-002	24.442
812	-1.e-003	-1.e-003	1.25e-002	23.768
813	-1.5e-003	-1.e-003	1.3e-002	28.405
814	-1.e-003	-1.e-003	1.15e-002	26.663
815	-1.5e-003	-1.e-003	1.2e-002	32.193
816	-1.e-003	-1.e-003	1.05e-002	29.388
817	-1.5e-003	-1.e-003	1.1e-002	35.778
818	-1.e-003	-1.e-003	9.5e-003	31.926
819	-1.5e-003	-1.e-003	1.e-002	39.137
820	-1.e-003	-1.e-003	8.5e-003	34.26
821	-1.5e-003	-1.e-003	9.e-003	42.246
822	-1.e-003	-1.e-003	7.5e-003	36.375
823	-1.5e-003	-1.e-003	8.e-003	45.085
824	-1.e-003	-1.e-003	6.5e-003	38.258
825	-1.5e-003	-1.e-003	7.e-003	47.636
826	-1.e-003	-1.e-003	5.5e-003	39.895
827	-1.5e-003	-1.e-003	6.e-003	49.881
828	-1.e-003	-1.e-003	4.5e-003	41.277
829	-1.5e-003	-1.e-003	5.e-003	51.808
830	-1.e-003	-1.e-003	3.5e-003	42.399
831	-1.5e-003	-1.e-003	4.e-003	53.404
832	-1.e-003	-1.e-003	2.5e-003	43.258
833	-1.5e-003	-1.e-003	3.e-003	54.665
834	-1.e-003	-1.e-003	1.5e-003	43.862
835	-1.5e-003	-1.e-003	2.e-003	55.591
836	-1.5e-003	-1.e-003	1.e-003	56.196
837	-1.e-003	-1.e-003	5.e-004	44.227
838	2.e-003	-1.e-003	1.85e-002	6.7518
839	2.e-003	-1.e-003	1.95e-002	1.8156
840	2.e-003	-5.e-004	1.9e-002	3.5839
841	2.e-003	-1.e-003	1.75e-002	11.912
842	2.e-003	-5.e-004	1.8e-002	8.3673
843	2.e-003	-1.e-003	1.65e-002	17.231
844	2.e-003	-5.e-004	1.7e-002	13.284
845	2.e-003	-1.e-003	1.55e-002	22.527
846	2.e-003	-5.e-004	1.6e-002	18.238
847	2.e-003	-1.e-003	1.45e-002	27.717
848	2.e-003	-5.e-004	1.5e-002	23.106
849	2.e-003	-1.e-003	1.35e-002	32.745
850	2.e-003	-5.e-004	1.4e-002	27.841
851	2.e-003	-1.e-003	1.25e-002	37.571
852	2.e-003	-5.e-004	1.3e-002	32.402
853	2.e-003	-1.e-003	1.15e-002	42.159
854	2.e-003	-5.e-004	1.2e-002	36.755
855	2.e-003	-1.e-003	1.05e-002	46.479
856	2.e-003	-5.e-004	1.1e-002	40.873
857	2.e-003	-1.e-003	9.5e-003	50.501
858	2.e-003	-5.e-004	1.e-002	44.728
859	2.e-003	-1.e-003	8.5e-003	54.199
860	2.e-003	-5.e-004	9.e-003	48.296
861	2.e-003	-1.e-003	7.5e-003	57.55
862	2.e-003	-5.e-004	8.e-003	51.553
863	2.e-003	-1.e-003	6.5e-003	60.532
864	2.e-003	-5.e-004	7.e-003	54.478
865	2.e-003	-1.e-003	5.5e-003	63.125
866	2.e-003	-5.e-004	6.e-003	57.053
867	2.e-003	-1.e-003	4.5e-003	65.314
868	2.e-003	-5.e-004	5.e-003	59.262
869	2.e-003	-1.e-003	3.5e-003	67.088
870	2.e-003	-5.e-004	4.e-003	61.092
871	2.e-003	-1.e-003	2.5e-003	68.442
872	2.e-003	-5.e-004	3.e-003	62.534
873	2.e-003	-1.e-003	1.5e-003	69.384
874	2.e-003	-5.e-004	2.e-003	63.589
875	2.e-003	-1.e-003	5.e-004	69.933
876	2.e-003	-5.e-004	1.e-003	64.274
877	-2.e-003	-1.e-003	1.85e-002	6.7518
878	-2.e-003	-1.e-003	1.95e-002	1.8156
879	-2.e-003	-5.e-004	1.9e-002	3.5839
880	-2.e-003	-1.e-003	1.75e-002	11.912
881	-2.e-003	-5.e-004	1.8e-002	8.3673
882	-2.e-003	-1.e-003	1.65e-002	17.231
883	-2.e-003	-5.e-004	1.7e-002	13.284
884	-2.e-003	-1.e-003	1.55e-002	22.527
885	-2.e-003	-5.e-004	1.6e-002	18.238
886	-2.e-003	-1.e-003	1.45e-002	27.717
887	-2.e-003	-5.e-004	1.5e-002	23.106
888	-2.e-003	-1.e-003	1.35e-002	32.745
889	-2.e-003	-5.e-004	1.4e-002	27.841
890	-2.e-003	-1.e-003	1.25e-002	37.571
891	-2.e-003	-5.e-004	1.3e-002	32.402
892	-2.e-003	-1.e-003	1.15e-002	42.159
893	-2.e-003	-5.e-004	1.2e-002	36.755
894	-2.e-003	-1.e-003	1.05e-002	46.479
895	-2.e-003	-5.e-004	1.1e-002	40.873
896	-2.e-003	-1.e-003	9.5e-003	50.501
897	-2.e-003	-5.e-004	1.e-002	44.728
898	-2.e-003	-1.e-003	8.5e-003	54.199
899	-2.e-003	-5.e-004	9.e-003	48.296
900	-2.e-003	-1.e-003	7.5e-003	57.55
901	-2.e-003	-5.e-004	8.e-003	51.553
902	-2.e-003	-1.e-003	6.5e-003	60.532
903	-2.e-003	-5.e-004	7.e-003	54.478
904	-2.e-003	-1.e-003	5.5e-003	63.125
905	-2.e-003	-5.e-004	6.e-003	57.053
906	-2.e-003	-1.e-003	4.5e-003	65.314
907	-2.e-003	-5.e-004	5.e-003	59.262
908	-2.e-003	-1.e-003	3.5e-003	67.088
909	-2.e-003	-5.e-004	4.e-003	61.092
910	-2.e-003	-1.e-003	2.5e-003	68.442
911	-2.e-003	-5.e-004	3.e-003	62.534
912	-2.e-003	-1.e-003	1.5e-003	69.384
913	-2.e-003	-5.e-004	2.e-003	63.589
914	-2.e-003	-1.e-003	5.e-004	69.933
915	-2.e-003	-5.e-004	1.e-003	64.274
916	1.5e-003	-1.e-003	2.e-002	0.
917	2.e-003	-5.e-004	2.e-002	0.
918	5.e-004	-1.e-003	2.e-002	0.
919	1.e-003	-5.e-004	2.e-002	0.
920	-5.e-004	-1.e-003	2.e-002	0.
921	0.	-5.e-004	2.e-002	0.
922	-1.5e-003	-1.e-003	2.e-002	0.
923	-1.e-003	-5.e-004	2.e-002	0.
924	-2.e-003	-5.e-004	2.e-002	0.
925	1.5e-003	-1.e-003	0.	56.529
926	2.e-003	-5.e-004	0.	64.665
927	5.e-004	-1.e-003	0.	34.947
928	1.e-003	-5.e-004	0.	35.096
929	-5.e-004	-1.e-003	0.	34.947
930	0.	-5.e-004	0.	15.557
931	-1.5e-003	-1.e-003	0.	56.529
932	-1.e-003	-5.e-004	0.	35.096
933	-2.e-003	-5.e-004	0.	64.665
934	5.e-004	0.	0.	15.733
935	1.e-003	5.e-004	0.	35.096
936	1.5e-003	0.	0.	47.115
937	-5.e-004	0.	0.	15.733
938	0.	5.e-004	0.	15.557
939	-1.e-003	5.e-004	0.	35.096
940	-1.5e-003	0.	0.	47.115
941	5.e-004	1.e-003	0.	34.947
942	1.5e-003	1.e-003	0.	56.529
943	-5.e-004	1.e-003	0.	34.947
944	-1.5e-003	1.e-003	0.	56.529
945	2.e-003	5.e-004	0.	64.665
946	2.e-003	1.e-003	5.e-004	69.933
947	2.e-003	0.	5.e-004	62.571
948	-2.e-003	5.e-004	0.	64.665
949	-2.e-003	0.	5.e-004	62.571
950	-2.e-003	1.e-003	5.e-004	69.933
951	5.e-004	0.	2.e-002	0.
952	1.e-003	5.e-004	2.e-002	0.
953	1.5e-003	0.	2.e-002	0.
954	-5.e-004	0.	2.e-002	0.
955	0.	5.e-004	2.e-002	0.
956	-1.e-003	5.e-004	2.e-002	0.
957	-1.5e-003	0.	2.e-002	0.
958	5.e-004	1.e-003	2.e-002	0.
959	1.5e-003	1.e-003	2.e-002	0.
960	-5.e-004	1.e-003	2.e-002	0.
961	-1.5e-003	1.e-003	2.e-002	0.
962	2.e-003	5.e-004	2.e-002	0.
963	2.e-003	1.e-003	1.95e-002	1.8156
964	2.e-003	0.	1.95e-002	1.5237
965	-2.e-003	5.e-004	2.e-002	0.
966	-2.e-003	0.	1.95e-002	1.5237
967	-2.e-003	1.e-003	1.95e-002	1.8156
968	-2.e-003	0.	1.85e-002	5.7081
969	-2.e-003	5.e-004	1.9e-002	3.5839
970	-2.e-003	0.	1.75e-002	10.459
971	-2.e-003	5.e-004	1.8e-002	8.3673
972	-2.e-003	0.	1.65e-002	15.278
973	-2.e-003	5.e-004	1.7e-002	13.284
974	-2.e-003	0.	1.55e-002	20.055
975	-2.e-003	5.e-004	1.6e-002	18.238
976	-2.e-003	0.	1.45e-002	24.723
977	-2.e-003	5.e-004	1.5e-002	23.106
978	-2.e-003	0.	1.35e-002	29.238
979	-2.e-003	5.e-004	1.4e-002	27.841
980	-2.e-003	0.	1.25e-002	33.567
981	-2.e-003	5.e-004	1.3e-002	32.402
982	-2.e-003	0.	1.15e-002	37.681
983	-2.e-003	5.e-004	1.2e-002	36.755
984	-2.e-003	0.	1.05e-002	41.552
985	-2.e-003	5.e-004	1.1e-002	40.873
986	-2.e-003	0.	9.5e-003	45.157
987	-2.e-003	5.e-004	1.e-002	44.728
988	-2.e-003	0.	8.5e-003	48.47
989	-2.e-003	5.e-004	9.e-003	48.296
990	-2.e-003	0.	7.5e-003	51.472
991	-2.e-003	5.e-004	8.e-003	51.553
992	-2.e-003	0.	6.5e-003	54.143
993	-2.e-003	5.e-004	7.e-003	54.478
994	-2.e-003	0.	5.5e-003	56.465
995	-2.e-003	5.e-004	6.e-003	57.053
996	-2.e-003	0.	4.5e-003	58.425
997	-2.e-003	5.e-004	5.e-003	59.262
998	-2.e-003	0.	3.5e-003	60.013
999	-2.e-003	5.e-004	4.e-003	61.092
1000	-2.e-003	0.	2.5e-003	61.223
1001	-2.e-003	5.e-004	3.e-003	62.534
1002	-2.e-003	0.	1.5e-003	62.061
1003	-2.e-003	5.e-004	2.e-003	63.589
1004	-2.e-003	5.e-004	1.e-003	64.274
1005	-2.e-003	1.e-003	1.5e-003	69.384
1006	-2.e-003	1.e-003	2.5e-003	68.442
1007	-2.e-003	1.e-003	3.5e-003	67.088
1008	-2.e-003	1.e-003	4.5e-003	65.314
1009	-2.e-003	1.e-003	5.5e-003	63.125
1010	-2.e-003	1.e-003	6.5e-003	60.532
1011	-2.e-003	1.e-003	7.5e-003	57.55
1012	-2.e-003	1.e-003	8.5e-003	54.199
1013	-2.e-003	1.e-003	9.5e-003	50.501
1014	-2.e-003	1.e-003	1.05e-002	46.479
1015	-2.e-003	1.e-003	1.15e-002	42.159
1016	-2.e-003	1.e-003	1.25e-002	37.571
1017	-2.e-003	1.e-003	1.35e-002	32.745
1018	-2.e-003	1.e-003	1.45e-002	27.717
1019	-2.e-003	1.e-003	1.55e-002	22.527
1020	-2.e-003	1.e-003	1.65e-002	17.231
1021	-2.e-003	1.e-003	1.75e-002	11.912
1022	-2.e-003	1.e-003	1.85e-002	6.7518
1023	2.e-003	0.	1.85e-002	5.7081
1024	2.e-003	5.e-004	1.9e-002	3.5839
1025	2.e-003	0.	1.75e-002	10.459
1026	2.e-003	5.e-004	1.8e-002	8.3673
1027	2.e-003	0.	1.65e-002	15.278
1028	2.e-003	5.e-004	1.7e-002	13.284
1029	2.e-003	0.	1.55e-002	20.055
1030	2.e-003	5.e-004	1.6e-002	18.238
1031	2.e-003	0.	1.45e-002	24.723
1032	2.e-003	5.e-004	1.5e-002	23.106
1033	2.e-003	0.	1.35e-002	29.238
1034	2.e-003	5.e-004	1.4e-002	27.841
1035	2.e-003	0.	1.25e-002	33.567
1036	2.e-003	5.e-004	1.3e-002	32.402
1037	2.e-003	0.	1.15e-002	37.681
1038	2.e-003	5.e-004	1.2e-002	36.755
1039	2.e-003	0.	1.05e-002	41.552
1040	2.e-003	5.e-004	1.1e-002	40.873
1041	2.e-003	0.	9.5e-003	45.157
1042	2.e-003	5.e-004	1.e-002	44.728
1043	2.e-003	0.	8.5e-003	48.47
1044	2.e-003	5.e-004	9.e-003	48.296
1045	2.e-003	0.	7.5e-003	51.472
1046	2.e-003	5.e-004	8.e-003	51.553
1047	2.e-003	0.	6.5e-003	54.143
1048	2.e-003	5.e-004	7.e-003	54.478
1049	2.e-003	0.	5.5e-003	56.465
1050	2.e-003	5.e-004	6.e-003	57.053
1051	2.e-003	0.	4.5e-003	58.425
1052	2.e-003	5.e-004	5.e-003	59.262
1053	2.e-003	0.	3.5e-003	60.013
1054	2.e-003	5.e-004	4.e-003	61.092
1055	2.e-003	0.	2.5e-003	61.223
1056	2.e-003	5.e-004	3.e-003	62.534
1057	2.e-003	0.	1.5e-003	62.061
1058	2.e-003	5.e-004	2.e-003	63.589
1059	2.e-003	5.e-004	1.e-003	64.274
1060	2.e-003	1.e-003	1.5e-003	69.384
1061	2.e-003	1.e-003	2.5e-003	68.442
1062	2.e-003	1.e-003	3.5e-003	67.088
1063	2.e-003	1.e-003	4.5e-003	65.314
1064	2.e-003	1.e-003	5.5e-003	63.125
1065	2.e-003	1.e-003	6.5e-003	60.532
1066	2.e-003	1.e-003	7.5e-003	57.55
1067	2.e-003	1.e-003	8.5e-003	54.199
1068	2.e-003	1.e-003	9.5e-003	50.501
1069	2.e-003	1.e-003	1.05e-002	46.479
1070	2.e-003	1.e-003	1.15e-002	42.159
1071	2.e-003	1.e-003	1.25e-002	37.571
1072	2.e-003	1.e-003	1.35e-002	32.745
1073	2.e-003	1.e-003	1.45e-002	27.717
1074	2.e-003	1.e-003	1.55e-002	22.527
1075	2.e-003	1.e-003	1.65e-002	17.231
1076	2.e-003	1.e-003	1.75e-002	11.912
1077	2.e-003	1.e-003	1.85e-002	6.7518
