Node Number	X Location (m)	Y Location (m)	Z Location (m)	Total Deformation (m)
1	1.e-003	0.	1.9e-002	1.8007
2	1.e-003	0.	1.8e-002	5.7572
3	1.e-003	0.	1.7e-002	11.219
4	1.e-003	0.	1.6e-002	17.474
5	1.e-003	0.	1.5e-002	23.889
6	1.e-003	0.	1.4e-002	29.853
7	1.e-003	0.	1.3e-002	34.83
8	1.e-003	0.	1.2e-002	38.365
9	1.e-003	0.	1.1e-002	40.105
10	1.e-003	0.	1.e-002	39.81
11	1.e-003	0.	9.e-003	37.357
12	1.e-003	0.	8.e-003	32.742
13	1.e-003	0.	7.e-003	26.071
14	1.e-003	0.	6.e-003	17.547
15	1.e-003	0.	5.e-003	7.4523
16	1.e-003	0.	4.e-003	3.877
17	1.e-003	0.	3.e-003	16.081
18	1.e-003	0.	2.e-003	28.807
19	1.e-003	0.	1.e-003	41.745
20	0.	0.	1.9e-002	1.9016
21	1.7347e-018	0.	1.8e-002	5.8769
22	0.	0.	1.7e-002	11.309
23	0.	0.	1.6e-002	17.499
24	0.	0.	1.5e-002	23.839
25	0.	0.	1.4e-002	29.733
26	0.	0.	1.3e-002	34.648
27	0.	0.	1.2e-002	38.134
28	0.	0.	1.1e-002	39.839
29	-1.0842e-018	0.	1.e-002	39.526
30	0.	0.	9.e-003	37.07
31	0.	0.	8.e-003	32.466
32	0.	0.	7.e-003	25.818
33	4.3368e-019	0.	6.e-003	17.328
34	0.	0.	5.e-003	7.2734
35	-2.1684e-019	0.	4.e-003	4.0133
36	0.	0.	3.e-003	16.176
37	0.	0.	2.e-003	28.868
38	0.	0.	1.e-003	41.784
39	-1.e-003	0.	1.9e-002	1.8007
40	-1.e-003	0.	1.8e-002	5.7572
41	-1.e-003	0.	1.7e-002	11.219
42	-1.e-003	0.	1.6e-002	17.474
43	-1.e-003	0.	1.5e-002	23.889
44	-1.e-003	0.	1.4e-002	29.853
45	-1.e-003	0.	1.3e-002	34.83
46	-1.e-003	0.	1.2e-002	38.365
47	-1.e-003	0.	1.1e-002	40.105
48	-1.e-003	0.	1.e-002	39.81
49	-1.e-003	0.	9.e-003	37.357
50	-1.e-003	0.	8.e-003	32.742
51	-1.e-003	0.	7.e-003	26.071
52	-1.e-003	0.	6.e-003	17.547
53	-1.e-003	0.	5.e-003	7.4523
54	-1.e-003	0.	4.e-003	3.877
55	-1.e-003	0.	3.e-003	16.081
56	-1.e-003	0.	2.e-003	28.807
57	-1.e-003	0.	1.e-003	41.745
58	-1.e-003	1.e-003	1.e-003	43.689
59	-1.e-003	1.e-003	2.e-003	31.512
60	-1.e-003	1.e-003	3.e-003	20.293
61	-1.e-003	1.e-003	4.e-003	12.227
62	-1.e-003	1.e-003	5.e-003	12.774
63	-1.e-003	1.e-003	6.e-003	19.577
64	-1.e-003	1.e-003	7.e-003	26.861
65	-1.e-003	1.e-003	8.e-003	32.922
66	-1.e-003	1.e-003	9.e-003	37.217
67	-1.e-003	1.e-003	1.e-002	39.531
68	-1.e-003	1.e-003	1.1e-002	39.823
69	-1.e-003	1.e-003	1.2e-002	38.191
70	-1.e-003	1.e-003	1.3e-002	34.858
71	-1.e-003	1.e-003	1.4e-002	30.159
72	-1.e-003	1.e-003	1.5e-002	24.528
73	-1.e-003	1.e-003	1.6e-002	18.477
74	-1.e-003	1.e-003	1.7e-002	12.569
75	-1.e-003	1.e-003	1.8e-002	7.3385
76	-1.e-003	1.e-003	1.9e-002	3.235
77	0.	1.e-003	1.e-003	43.723
78	0.	1.e-003	2.e-003	31.562
79	0.	1.e-003	3.e-003	20.357
80	-4.3368e-019	1.e-003	4.e-003	12.252
81	0.	1.e-003	5.e-003	12.652
82	8.6736e-019	1.e-003	6.e-003	19.37
83	0.	1.e-003	7.e-003	26.609
84	0.	1.e-003	8.e-003	32.642
85	0.	1.e-003	9.e-003	36.924
86	-2.1684e-018	1.e-003	1.e-002	39.241
87	0.	1.e-003	1.1e-002	39.551
88	0.	1.e-003	1.2e-002	37.954
89	0.	1.e-003	1.3e-002	34.67
90	0.	1.e-003	1.4e-002	30.033
91	0.	1.e-003	1.5e-002	24.472
92	0.	1.e-003	1.6e-002	18.491
93	0.	1.e-003	1.7e-002	12.641
94	3.4694e-018	1.e-003	1.8e-002	7.4327
95	0.	1.e-003	1.9e-002	3.2869
96	1.e-003	1.e-003	1.e-003	43.689
97	1.e-003	1.e-003	2.e-003	31.512
98	1.e-003	1.e-003	3.e-003	20.293
99	1.e-003	1.e-003	4.e-003	12.227
100	1.e-003	1.e-003	5.e-003	12.774
101	1.e-003	1.e-003	6.e-003	19.577
102	1.e-003	1.e-003	7.e-003	26.861
103	1.e-003	1.e-003	8.e-003	32.922
104	1.e-003	1.e-003	9.e-003	37.217
105	1.e-003	1.e-003	1.e-002	39.531
106	1.e-003	1.e-003	1.1e-002	39.823
107	1.e-003	1.e-003	1.2e-002	38.191
108	1.e-003	1.e-003	1.3e-002	34.858
109	1.e-003	1.e-003	1.4e-002	30.159
110	1.e-003	1.e-003	1.5e-002	24.528
111	1.e-003	1.e-003	1.6e-002	18.477
112	1.e-003	1.e-003	1.7e-002	12.569
113	1.e-003	1.e-003	1.8e-002	7.3385
114	1.e-003	1.e-003	1.9e-002	3.235
115	1.e-003	-1.e-003	1.9e-002	3.235
116	1.e-003	-1.e-003	1.8e-002	7.3385
117	1.e-003	-1.e-003	1.7e-002	12.569
118	1.e-003	-1.e-003	1.6e-002	18.477
119	1.e-003	-1.e-003	1.5e-002	24.528
120	1.e-003	-1.e-003	1.4e-002	30.159
121	1.e-003	-1.e-003	1.3e-002	34.858
122	1.e-003	-1.e-003	1.2e-002	38.191
123	1.e-003	-1.e-003	1.1e-002	39.823
124	1.e-003	-1.e-003	1.e-002	39.531
125	1.e-003	-1.e-003	9.e-003	37.217
126	1.e-003	-1.e-003	8.e-003	32.922
127	1.e-003	-1.e-003	7.e-003	26.861
128	1.e-003	-1.e-003	6.e-003	19.577
129	1.e-003	-1.e-003	5.e-003	12.774
130	1.e-003	-1.e-003	4.e-003	12.227
131	1.e-003	-1.e-003	3.e-003	20.293
132	1.e-003	-1.e-003	2.e-003	31.512
133	1.e-003	-1.e-003	1.e-003	43.689
134	0.	-1.e-003	1.9e-002	3.2869
135	0.	-1.e-003	1.8e-002	7.4327
136	0.	-1.e-003	1.7e-002	12.641
137	0.	-1.e-003	1.6e-002	18.491
138	0.	-1.e-003	1.5e-002	24.472
139	0.	-1.e-003	1.4e-002	30.033
140	0.	-1.e-003	1.3e-002	34.67
141	0.	-1.e-003	1.2e-002	37.954
142	0.	-1.e-003	1.1e-002	39.551
143	0.	-1.e-003	1.e-002	39.241
144	0.	-1.e-003	9.e-003	36.924
145	0.	-1.e-003	8.e-003	32.642
146	0.	-1.e-003	7.e-003	26.609
147	0.	-1.e-003	6.e-003	19.37
148	0.	-1.e-003	5.e-003	12.652
149	0.	-1.e-003	4.e-003	12.252
150	0.	-1.e-003	3.e-003	20.357
151	0.	-1.e-003	2.e-003	31.562
152	0.	-1.e-003	1.e-003	43.723
153	-1.e-003	-1.e-003	1.9e-002	3.235
154	-1.e-003	-1.e-003	1.8e-002	7.3385
155	-1.e-003	-1.e-003	1.7e-002	12.569
156	-1.e-003	-1.e-003	1.6e-002	18.477
157	-1.e-003	-1.e-003	1.5e-002	24.528
158	-1.e-003	-1.e-003	1.4e-002	30.159
159	-1.e-003	-1.e-003	1.3e-002	34.858
160	-1.e-003	-1.e-003	1.2e-002	38.191
161	-1.e-003	-1.e-003	1.1e-002	39.823
162	-1.e-003	-1.e-003	1.e-002	39.531
163	-1.e-003	-1.e-003	9.e-003	37.217
164	-1.e-003	-1.e-003	8.e-003	32.922
165	-1.e-003	-1.e-003	7.e-003	26.861
166	-1.e-003	-1.e-003	6.e-003	19.577
167	-1.e-003	-1.e-003	5.e-003	12.774
168	-1.e-003	-1.e-003	4.e-003	12.227
169	-1.e-003	-1.e-003	3.e-003	20.293
170	-1.e-003	-1.e-003	2.e-003	31.512
171	-1.e-003	-1.e-003	1.e-003	43.689
172	2.e-003	-1.e-003	1.9e-002	3.0083
173	2.e-003	-1.e-003	1.8e-002	6.9525
174	2.e-003	-1.e-003	1.7e-002	12.269
175	2.e-003	-1.e-003	1.6e-002	18.387
176	2.e-003	-1.e-003	1.5e-002	24.675
177	2.e-003	-1.e-003	1.4e-002	30.534
178	2.e-003	-1.e-003	1.3e-002	35.432
179	2.e-003	-1.e-003	1.2e-002	38.922
180	2.e-003	-1.e-003	1.1e-002	40.663
181	2.e-003	-1.e-003	1.e-002	40.429
182	2.e-003	-1.e-003	9.e-003	38.12
183	2.e-003	-1.e-003	8.e-003	33.779
184	2.e-003	-1.e-003	7.e-003	27.621
185	2.e-003	-1.e-003	6.e-003	20.179
186	2.e-003	-1.e-003	5.e-003	13.088
187	2.e-003	-1.e-003	4.e-003	12.09
188	2.e-003	-1.e-003	3.e-003	20.067
189	2.e-003	-1.e-003	2.e-003	31.359
190	2.e-003	-1.e-003	1.e-003	43.604
191	-2.e-003	-1.e-003	1.9e-002	3.0083
192	-2.e-003	-1.e-003	1.8e-002	6.9525
193	-2.e-003	-1.e-003	1.7e-002	12.269
194	-2.e-003	-1.e-003	1.6e-002	18.387
195	-2.e-003	-1.e-003	1.5e-002	24.675
196	-2.e-003	-1.e-003	1.4e-002	30.534
197	-2.e-003	-1.e-003	1.3e-002	35.432
198	-2.e-003	-1.e-003	1.2e-002	38.922
199	-2.e-003	-1.e-003	1.1e-002	40.663
200	-2.e-003	-1.e-003	1.e-002	40.429
201	-2.e-003	-1.e-003	9.e-003	38.12
202	-2.e-003	-1.e-003	8.e-003	33.779
203	-2.e-003	-1.e-003	7.e-003	27.621
204	-2.e-003	-1.e-003	6.e-003	20.179
205	-2.e-003	-1.e-003	5.e-003	13.088
206	-2.e-003	-1.e-003	4.e-003	12.09
207	-2.e-003	-1.e-003	3.e-003	20.067
208	-2.e-003	-1.e-003	2.e-003	31.359
209	-2.e-003	-1.e-003	1.e-003	43.604
210	2.e-003	-1.e-003	2.e-002	0.
211	1.e-003	-1.e-003	2.e-002	0.
212	0.	-1.e-003	2.e-002	0.
213	-1.e-003	-1.e-003	2.e-002	0.
214	-2.e-003	-1.e-003	2.e-002	0.
215	2.e-003	-1.e-003	0.	56.105
216	1.e-003	-1.e-003	0.	56.169
217	0.	-1.e-003	0.	56.197
218	-1.e-003	-1.e-003	0.	56.169
219	-2.e-003	-1.e-003	0.	56.105
220	1.e-003	0.	0.	54.667
221	0.	0.	0.	54.7
222	-1.e-003	0.	0.	54.667
223	1.e-003	1.e-003	0.	56.169
224	0.	1.e-003	0.	56.197
225	-1.e-003	1.e-003	0.	56.169
226	2.e-003	1.e-003	0.	56.105
227	2.e-003	0.	0.	54.6
228	-2.e-003	0.	0.	54.6
229	-2.e-003	1.e-003	0.	56.105
230	1.e-003	0.	2.e-002	0.
231	0.	0.	2.e-002	0.
232	-1.e-003	0.	2.e-002	0.
233	1.e-003	1.e-003	2.e-002	0.
234	0.	1.e-003	2.e-002	0.
235	-1.e-003	1.e-003	2.e-002	0.
236	2.e-003	1.e-003	2.e-002	0.
237	2.e-003	0.	2.e-002	0.
238	-2.e-003	0.	2.e-002	0.
239	-2.e-003	1.e-003	2.e-002	0.
240	-2.e-003	0.	1.9e-002	1.3407
241	-2.e-003	0.	1.8e-002	5.2841
242	-2.e-003	0.	1.7e-002	10.906
243	-2.e-003	0.	1.6e-002	17.392
244	-2.e-003	0.	1.5e-002	24.045
245	-2.e-003	0.	1.4e-002	30.231
246	-2.e-003	0.	1.3e-002	35.398
247	-2.e-003	0.	1.2e-002	39.083
248	-2.e-003	0.	1.1e-002	40.927
249	-2.e-003	0.	1.e-002	40.688
250	-2.e-003	0.	9.e-003	38.243
251	-2.e-003	0.	8.e-003	33.592
252	-2.e-003	0.	7.e-003	26.845
253	-2.e-003	0.	6.e-003	18.214
254	-2.e-003	0.	5.e-003	7.9926
255	-2.e-003	0.	4.e-003	3.4719
256	-2.e-003	0.	3.e-003	15.805
257	-2.e-003	0.	2.e-003	28.641
258	-2.e-003	0.	1.e-003	41.653
259	-2.e-003	1.e-003	1.e-003	43.604
260	-2.e-003	1.e-003	2.e-003	31.359
261	-2.e-003	1.e-003	3.e-003	20.067
262	-2.e-003	1.e-003	4.e-003	12.09
263	-2.e-003	1.e-003	5.e-003	13.088
264	-2.e-003	1.e-003	6.e-003	20.179
265	-2.e-003	1.e-003	7.e-003	27.621
266	-2.e-003	1.e-003	8.e-003	33.779
267	-2.e-003	1.e-003	9.e-003	38.12
268	-2.e-003	1.e-003	1.e-002	40.429
269	-2.e-003	1.e-003	1.1e-002	40.663
270	-2.e-003	1.e-003	1.2e-002	38.922
271	-2.e-003	1.e-003	1.3e-002	35.432
272	-2.e-003	1.e-003	1.4e-002	30.534
273	-2.e-003	1.e-003	1.5e-002	24.675
274	-2.e-003	1.e-003	1.6e-002	18.387
275	-2.e-003	1.e-003	1.7e-002	12.269
276	-2.e-003	1.e-003	1.8e-002	6.9525
277	-2.e-003	1.e-003	1.9e-002	3.0083
278	2.e-003	0.	1.9e-002	1.3407
279	2.e-003	0.	1.8e-002	5.2841
280	2.e-003	0.	1.7e-002	10.906
281	2.e-003	0.	1.6e-002	17.392
282	2.e-003	0.	1.5e-002	24.045
283	2.e-003	0.	1.4e-002	30.231
284	2.e-003	0.	1.3e-002	35.398
285	2.e-003	0.	1.2e-002	39.083
286	2.e-003	0.	1.1e-002	40.927
287	2.e-003	0.	1.e-002	40.688
288	2.e-003	0.	9.e-003	38.243
289	2.e-003	0.	8.e-003	33.592
290	2.e-003	0.	7.e-003	26.845
291	2.e-003	0.	6.e-003	18.214
292	2.e-003	0.	5.e-003	7.9926
293	2.e-003	0.	4.e-003	3.4719
294	2.e-003	0.	3.e-003	15.805
295	2.e-003	0.	2.e-003	28.641
296	2.e-003	0.	1.e-003	41.653
297	2.e-003	1.e-003	1.e-003	43.604
298	2.e-003	1.e-003	2.e-003	31.359
299	2.e-003	1.e-003	3.e-003	20.067
300	2.e-003	1.e-003	4.e-003	12.09
301	2.e-003	1.e-003	5.e-003	13.088
302	2.e-003	1.e-003	6.e-003	20.179
303	2.e-003	1.e-003	7.e-003	27.621
304	2.e-003	1.e-003	8.e-003	33.779
305	2.e-003	1.e-003	9.e-003	38.12
306	2.e-003	1.e-003	1.e-002	40.429
307	2.e-003	1.e-003	1.1e-002	40.663
308	2.e-003	1.e-003	1.2e-002	38.922
309	2.e-003	1.e-003	1.3e-002	35.432
310	2.e-003	1.e-003	1.4e-002	30.534
311	2.e-003	1.e-003	1.5e-002	24.675
312	2.e-003	1.e-003	1.6e-002	18.387
313	2.e-003	1.e-003	1.7e-002	12.269
314	2.e-003	1.e-003	1.8e-002	6.9525
315	2.e-003	1.e-003	1.9e-002	3.0083
316	1.e-003	0.	1.85e-002	3.5312
317	5.e-004	0.	1.9e-002	1.8778
318	1.e-003	5.e-004	1.9e-002	2.1311
319	1.e-003	-5.e-004	1.9e-002	2.1311
320	1.e-003	0.	1.95e-002	0.47407
321	1.5e-003	0.	1.9e-002	1.6758
322	1.e-003	0.	1.75e-002	8.3453
323	5.e-004	0.	1.8e-002	5.8517
324	1.e-003	5.e-004	1.8e-002	6.1684
325	1.e-003	-5.e-004	1.8e-002	6.1684
326	1.5e-003	0.	1.8e-002	5.579
327	1.e-003	0.	1.65e-002	14.287
328	5.e-004	0.	1.7e-002	11.288
329	1.e-003	5.e-004	1.7e-002	11.55
330	1.e-003	-5.e-004	1.7e-002	11.55
331	1.5e-003	0.	1.7e-002	11.097
332	1.e-003	0.	1.55e-002	20.701
333	5.e-004	0.	1.6e-002	17.493
334	1.e-003	5.e-004	1.6e-002	17.719
335	1.e-003	-5.e-004	1.6e-002	17.719
336	1.5e-003	0.	1.6e-002	17.441
337	1.e-003	0.	1.45e-002	26.962
338	5.e-004	0.	1.5e-002	23.851
339	1.e-003	5.e-004	1.5e-002	24.043
340	1.e-003	-5.e-004	1.5e-002	24.043
341	1.5e-003	0.	1.5e-002	23.952
342	1.e-003	0.	1.35e-002	32.496
343	5.e-004	0.	1.4e-002	29.762
344	1.e-003	5.e-004	1.4e-002	29.926
345	1.e-003	-5.e-004	1.4e-002	29.926
346	1.5e-003	0.	1.4e-002	30.007
347	1.e-003	0.	1.25e-002	36.802
348	5.e-004	0.	1.3e-002	34.693
349	1.e-003	5.e-004	1.3e-002	34.836
350	1.e-003	-5.e-004	1.3e-002	34.836
351	1.5e-003	0.	1.3e-002	35.062
352	1.e-003	0.	1.15e-002	39.477
353	5.e-004	0.	1.2e-002	38.191
354	1.e-003	5.e-004	1.2e-002	38.322
355	1.e-003	-5.e-004	1.2e-002	38.322
356	1.5e-003	0.	1.2e-002	38.659
357	1.e-003	0.	1.05e-002	40.222
358	5.e-004	0.	1.1e-002	39.905
359	1.e-003	5.e-004	1.1e-002	40.037
360	1.e-003	-5.e-004	1.1e-002	40.037
361	1.5e-003	0.	1.1e-002	40.442
362	1.e-003	0.	9.5e-003	38.856
363	5.e-004	0.	1.e-002	39.596
364	1.e-003	5.e-004	1.e-002	39.743
365	1.e-003	-5.e-004	1.e-002	39.743
366	1.5e-003	0.	1.e-002	40.17
367	1.e-003	0.	8.5e-003	35.316
368	5.e-004	0.	9.e-003	37.141
369	1.e-003	5.e-004	9.e-003	37.324
370	1.e-003	-5.e-004	9.e-003	37.324
371	1.5e-003	0.	9.e-003	37.721
372	1.e-003	0.	7.5e-003	29.653
373	5.e-004	0.	8.e-003	32.534
374	1.e-003	5.e-004	8.e-003	32.787
375	1.e-003	-5.e-004	8.e-003	32.787
376	1.5e-003	0.	8.e-003	33.092
377	1.e-003	0.	6.5e-003	22.024
378	5.e-004	0.	7.e-003	25.881
379	1.e-003	5.e-004	7.e-003	26.268
380	1.e-003	-5.e-004	7.e-003	26.268
381	1.5e-003	0.	7.e-003	26.39
382	1.e-003	0.	5.5e-003	12.676
383	5.e-004	0.	6.e-003	17.382
384	1.e-003	5.e-004	6.e-003	18.067
385	1.e-003	-5.e-004	6.e-003	18.067
386	1.5e-003	0.	6.e-003	17.823
387	1.e-003	0.	4.5e-003	1.9197
388	5.e-004	0.	5.e-003	7.318
389	1.e-003	5.e-004	5.e-003	9.0564
390	1.e-003	-5.e-004	5.e-003	9.0564
391	1.5e-003	0.	5.e-003	7.6767
392	1.e-003	0.	3.5e-003	9.8921
393	5.e-004	0.	4.e-003	3.9791
394	1.e-003	5.e-004	4.e-003	6.9406
395	1.e-003	-5.e-004	4.e-003	6.9406
396	1.5e-003	0.	4.e-003	3.7074
397	1.e-003	0.	2.5e-003	22.399
398	5.e-004	0.	3.e-003	16.152
399	1.e-003	5.e-004	3.e-003	17.218
400	1.e-003	-5.e-004	3.e-003	17.218
401	1.5e-003	0.	3.e-003	15.963
402	1.e-003	0.	1.5e-003	35.266
403	5.e-004	0.	2.e-003	28.852
404	1.e-003	5.e-004	2.e-003	29.501
405	1.e-003	-5.e-004	2.e-003	29.501
406	1.5e-003	0.	2.e-003	28.733
407	5.e-004	0.	1.e-003	41.773
408	1.e-003	5.e-004	1.e-003	42.239
409	1.e-003	-5.e-004	1.e-003	42.239
410	1.e-003	0.	5.e-004	48.219
411	1.5e-003	0.	1.e-003	41.701
412	8.6736e-019	0.	1.85e-002	3.6471
413	-5.e-004	0.	1.9e-002	1.8778
414	0.	5.e-004	1.9e-002	2.1979
415	0.	-5.e-004	1.9e-002	2.1979
416	0.	0.	1.95e-002	0.493
417	8.6736e-019	0.	1.75e-002	8.4572
418	-5.e-004	0.	1.8e-002	5.8517
419	2.6021e-018	5.e-004	1.8e-002	6.2795
420	8.6736e-019	-5.e-004	1.8e-002	6.2795
421	0.	0.	1.65e-002	14.347
422	-5.e-004	0.	1.7e-002	11.288
423	0.	5.e-004	1.7e-002	11.636
424	0.	-5.e-004	1.7e-002	11.636
425	0.	0.	1.55e-002	20.689
426	-5.e-004	0.	1.6e-002	17.493
427	0.	5.e-004	1.6e-002	17.742
428	0.	-5.e-004	1.6e-002	17.742
429	0.	0.	1.45e-002	26.877
430	-5.e-004	0.	1.5e-002	23.851
431	0.	5.e-004	1.5e-002	23.992
432	0.	-5.e-004	1.5e-002	23.992
433	0.	0.	1.35e-002	32.343
434	-5.e-004	0.	1.4e-002	29.762
435	0.	5.e-004	1.4e-002	29.805
436	0.	-5.e-004	1.4e-002	29.805
437	0.	0.	1.25e-002	36.593
438	-5.e-004	0.	1.3e-002	34.693
439	0.	5.e-004	1.3e-002	34.653
440	0.	-5.e-004	1.3e-002	34.653
441	0.	0.	1.15e-002	39.226
442	-5.e-004	0.	1.2e-002	38.191
443	0.	5.e-004	1.2e-002	38.09
444	0.	-5.e-004	1.2e-002	38.09
445	-4.3368e-019	0.	1.05e-002	39.945
446	-5.e-004	0.	1.1e-002	39.905
447	0.	5.e-004	1.1e-002	39.77
448	0.	-5.e-004	1.1e-002	39.77
449	-4.3368e-019	0.	9.5e-003	38.568
450	-5.e-004	0.	1.e-002	39.596
451	-1.6263e-018	5.e-004	1.e-002	39.457
452	-5.421e-019	-5.e-004	1.e-002	39.457
453	0.	0.	8.5e-003	35.032
454	-5.e-004	0.	9.e-003	37.141
455	0.	5.e-004	9.e-003	37.035
456	0.	-5.e-004	9.e-003	37.035
457	0.	0.	7.5e-003	29.387
458	-5.e-004	0.	8.e-003	32.534
459	0.	5.e-004	8.e-003	32.51
460	0.	-5.e-004	8.e-003	32.51
461	2.1684e-019	0.	6.5e-003	21.787
462	-5.e-004	0.	7.e-003	25.881
463	0.	5.e-004	7.e-003	26.016
464	0.	-5.e-004	7.e-003	26.016
465	2.1684e-019	0.	5.5e-003	12.476
466	-5.e-004	0.	6.e-003	17.382
467	6.5052e-019	5.e-004	6.e-003	17.852
468	2.1684e-019	-5.e-004	6.e-003	17.852
469	0.	0.	4.5e-003	1.762
470	-5.e-004	0.	5.e-003	7.318
471	0.	5.e-004	5.e-003	8.9054
472	0.	-5.e-004	5.e-003	8.9054
473	0.	0.	3.5e-003	10.008
474	-5.e-004	0.	4.e-003	3.9791
475	-3.2526e-019	5.e-004	4.e-003	7.0123
476	-1.0842e-019	-5.e-004	4.e-003	7.0123
477	0.	0.	2.5e-003	22.477
478	-5.e-004	0.	3.e-003	16.152
479	0.	5.e-004	3.e-003	17.305
480	0.	-5.e-004	3.e-003	17.305
481	0.	0.	1.5e-003	35.314
482	-5.e-004	0.	2.e-003	28.852
483	0.	5.e-004	2.e-003	29.56
484	0.	-5.e-004	2.e-003	29.56
485	-5.e-004	0.	1.e-003	41.773
486	0.	5.e-004	1.e-003	42.277
487	0.	-5.e-004	1.e-003	42.277
488	0.	0.	5.e-004	48.253
489	-1.e-003	0.	1.85e-002	3.5312
490	-1.e-003	5.e-004	1.9e-002	2.1311
491	-1.e-003	-5.e-004	1.9e-002	2.1311
492	-1.e-003	0.	1.95e-002	0.47407
493	-1.5e-003	0.	1.9e-002	1.6758
494	-1.e-003	0.	1.75e-002	8.3453
495	-1.e-003	5.e-004	1.8e-002	6.1684
496	-1.e-003	-5.e-004	1.8e-002	6.1684
497	-1.5e-003	0.	1.8e-002	5.579
498	-1.e-003	0.	1.65e-002	14.287
499	-1.e-003	5.e-004	1.7e-002	11.55
500	-1.e-003	-5.e-004	1.7e-002	11.55
501	-1.5e-003	0.	1.7e-002	11.097
502	-1.e-003	0.	1.55e-002	20.701
503	-1.e-003	5.e-004	1.6e-002	17.719
504	-1.e-003	-5.e-004	1.6e-002	17.719
505	-1.5e-003	0.	1.6e-002	17.441
506	-1.e-003	0.	1.45e-002	26.962
507	-1.e-003	5.e-004	1.5e-002	24.043
508	-1.e-003	-5.e-004	1.5e-002	24.043
509	-1.5e-003	0.	1.5e-002	23.952
510	-1.e-003	0.	1.35e-002	32.496
511	-1.e-003	5.e-004	1.4e-002	29.926
512	-1.e-003	-5.e-004	1.4e-002	29.926
513	-1.5e-003	0.	1.4e-002	30.007
514	-1.e-003	0.	1.25e-002	36.802
515	-1.e-003	5.e-004	1.3e-002	34.836
516	-1.e-003	-5.e-004	1.3e-002	34.836
517	-1.5e-003	0.	1.3e-002	35.062
518	-1.e-003	0.	1.15e-002	39.477
519	-1.e-003	5.e-004	1.2e-002	38.322
520	-1.e-003	-5.e-004	1.2e-002	38.322
521	-1.5e-003	0.	1.2e-002	38.659
522	-1.e-003	0.	1.05e-002	40.222
523	-1.e-003	5.e-004	1.1e-002	40.037
524	-1.e-003	-5.e-004	1.1e-002	40.037
525	-1.5e-003	0.	1.1e-002	40.442
526	-1.e-003	0.	9.5e-003	38.856
527	-1.e-003	5.e-004	1.e-002	39.743
528	-1.e-003	-5.e-004	1.e-002	39.743
529	-1.5e-003	0.	1.e-002	40.17
530	-1.e-003	0.	8.5e-003	35.316
531	-1.e-003	5.e-004	9.e-003	37.324
532	-1.e-003	-5.e-004	9.e-003	37.324
533	-1.5e-003	0.	9.e-003	37.721
534	-1.e-003	0.	7.5e-003	29.653
535	-1.e-003	5.e-004	8.e-003	32.787
536	-1.e-003	-5.e-004	8.e-003	32.787
537	-1.5e-003	0.	8.e-003	33.092
538	-1.e-003	0.	6.5e-003	22.024
539	-1.e-003	5.e-004	7.e-003	26.268
540	-1.e-003	-5.e-004	7.e-003	26.268
541	-1.5e-003	0.	7.e-003	26.39
542	-1.e-003	0.	5.5e-003	12.676
543	-1.e-003	5.e-004	6.e-003	18.067
544	-1.e-003	-5.e-004	6.e-003	18.067
545	-1.5e-003	0.	6.e-003	17.823
546	-1.e-003	0.	4.5e-003	1.9197
547	-1.e-003	5.e-004	5.e-003	9.0564
548	-1.e-003	-5.e-004	5.e-003	9.0564
549	-1.5e-003	0.	5.e-003	7.6767
550	-1.e-003	0.	3.5e-003	9.8921
551	-1.e-003	5.e-004	4.e-003	6.9406
552	-1.e-003	-5.e-004	4.e-003	6.9406
553	-1.5e-003	0.	4.e-003	3.7074
554	-1.e-003	0.	2.5e-003	22.399
555	-1.e-003	5.e-004	3.e-003	17.218
556	-1.e-003	-5.e-004	3.e-003	17.218
557	-1.5e-003	0.	3.e-003	15.963
558	-1.e-003	0.	1.5e-003	35.266
559	-1.e-003	5.e-004	2.e-003	29.501
560	-1.e-003	-5.e-004	2.e-003	29.501
561	-1.5e-003	0.	2.e-003	28.733
562	-1.e-003	5.e-004	1.e-003	42.239
563	-1.e-003	-5.e-004	1.e-003	42.239
564	-1.e-003	0.	5.e-004	48.219
565	-1.5e-003	0.	1.e-003	41.701
566	-1.e-003	1.e-003	1.5e-003	37.536
567	-5.e-004	1.e-003	1.e-003	43.714
568	-1.e-003	1.e-003	5.e-004	49.91
569	-1.5e-003	1.e-003	1.e-003	43.652
570	-1.e-003	1.e-003	2.5e-003	25.709
571	-5.e-004	1.e-003	2.e-003	31.55
572	-1.5e-003	1.e-003	2.e-003	31.452
573	-1.e-003	1.e-003	3.5e-003	15.582
574	-5.e-004	1.e-003	3.e-003	20.342
575	-1.5e-003	1.e-003	3.e-003	20.21
576	-1.e-003	1.e-003	4.5e-003	11.208
577	-5.e-004	1.e-003	4.e-003	12.248
578	-1.5e-003	1.e-003	4.e-003	12.191
579	-1.e-003	1.e-003	5.5e-003	15.893
580	-5.e-004	1.e-003	5.e-003	12.684
581	-1.5e-003	1.e-003	5.e-003	12.922
582	-1.e-003	1.e-003	6.5e-003	23.313
583	-5.e-004	1.e-003	6.e-003	19.422
584	-1.5e-003	1.e-003	6.e-003	19.835
585	-1.e-003	1.e-003	7.5e-003	30.09
586	-5.e-004	1.e-003	7.e-003	26.672
587	-1.5e-003	1.e-003	7.e-003	27.179
588	-1.e-003	1.e-003	8.5e-003	35.309
589	-5.e-004	1.e-003	8.e-003	32.712
590	-1.5e-003	1.e-003	8.e-003	33.277
591	-1.e-003	1.e-003	9.5e-003	38.628
592	-5.e-004	1.e-003	9.e-003	36.997
593	-1.5e-003	1.e-003	9.e-003	37.589
594	-1.e-003	1.e-003	1.05e-002	39.926
595	-5.e-004	1.e-003	1.e-002	39.313
596	-1.5e-003	1.e-003	1.e-002	39.9
597	-1.e-003	1.e-003	1.15e-002	39.236
598	-5.e-004	1.e-003	1.1e-002	39.619
599	-1.5e-003	1.e-003	1.1e-002	40.169
600	-1.e-003	1.e-003	1.25e-002	36.718
601	-5.e-004	1.e-003	1.2e-002	38.013
602	-1.5e-003	1.e-003	1.2e-002	38.493
603	-1.e-003	1.e-003	1.35e-002	32.654
604	-5.e-004	1.e-003	1.3e-002	34.717
605	-1.5e-003	1.e-003	1.3e-002	35.096
606	-1.e-003	1.e-003	1.45e-002	27.429
607	-5.e-004	1.e-003	1.4e-002	30.064
608	-1.5e-003	1.e-003	1.4e-002	30.318
609	-1.e-003	1.e-003	1.55e-002	21.521
610	-5.e-004	1.e-003	1.5e-002	24.487
611	-1.5e-003	1.e-003	1.5e-002	24.598
612	-1.e-003	1.e-003	1.65e-002	15.47
613	-5.e-004	1.e-003	1.6e-002	18.489
614	-1.5e-003	1.e-003	1.6e-002	18.454
615	-1.e-003	1.e-003	1.75e-002	9.8394
616	-5.e-004	1.e-003	1.7e-002	12.624
617	-1.5e-003	1.e-003	1.7e-002	12.466
618	-1.e-003	1.e-003	1.85e-002	5.1579
619	-5.e-004	1.e-003	1.8e-002	7.4155
620	-1.5e-003	1.e-003	1.8e-002	7.2094
621	-5.e-004	1.e-003	1.9e-002	3.2674
622	-1.e-003	1.e-003	1.95e-002	1.521
623	-1.5e-003	1.e-003	1.9e-002	3.1174
624	0.	1.e-003	1.5e-003	37.577
625	5.e-004	1.e-003	1.e-003	43.714
626	0.	1.e-003	5.e-004	49.94
627	0.	1.e-003	2.5e-003	25.768
628	5.e-004	1.e-003	2.e-003	31.55
629	0.	1.e-003	3.5e-003	15.64
630	5.e-004	1.e-003	3.e-003	20.342
631	0.	1.e-003	4.5e-003	11.161
632	5.e-004	1.e-003	4.e-003	12.248
633	4.3368e-019	1.e-003	5.5e-003	15.721
634	5.e-004	1.e-003	5.e-003	12.684
635	4.3368e-019	1.e-003	6.5e-003	23.081
636	5.e-004	1.e-003	6.e-003	19.422
637	0.	1.e-003	7.5e-003	29.821
638	5.e-004	1.e-003	7.e-003	26.672
639	0.	1.e-003	8.5e-003	35.02
640	5.e-004	1.e-003	8.e-003	32.712
641	-8.6736e-019	1.e-003	9.5e-003	38.334
642	5.e-004	1.e-003	9.e-003	36.997
643	-8.6736e-019	1.e-003	1.05e-002	39.643
644	5.e-004	1.e-003	1.e-002	39.313
645	0.	1.e-003	1.15e-002	38.98
646	5.e-004	1.e-003	1.1e-002	39.619
647	0.	1.e-003	1.25e-002	36.504
648	5.e-004	1.e-003	1.2e-002	38.013
649	0.	1.e-003	1.35e-002	32.495
650	5.e-004	1.e-003	1.3e-002	34.717
651	0.	1.e-003	1.45e-002	27.337
652	5.e-004	1.e-003	1.4e-002	30.064
653	0.	1.e-003	1.55e-002	21.5
654	5.e-004	1.e-003	1.5e-002	24.487
655	0.	1.e-003	1.65e-002	15.516
656	5.e-004	1.e-003	1.6e-002	18.489
657	1.7347e-018	1.e-003	1.75e-002	9.9295
658	5.e-004	1.e-003	1.7e-002	12.624
659	1.7347e-018	1.e-003	1.85e-002	5.2468
660	5.e-004	1.e-003	1.8e-002	7.4155
661	5.e-004	1.e-003	1.9e-002	3.2674
662	0.	1.e-003	1.95e-002	1.5711
663	1.e-003	1.e-003	1.5e-003	37.536
664	1.e-003	1.e-003	5.e-004	49.91
665	1.5e-003	1.e-003	1.e-003	43.652
666	1.e-003	1.e-003	2.5e-003	25.709
667	1.5e-003	1.e-003	2.e-003	31.452
668	1.e-003	1.e-003	3.5e-003	15.582
669	1.5e-003	1.e-003	3.e-003	20.21
670	1.e-003	1.e-003	4.5e-003	11.208
671	1.5e-003	1.e-003	4.e-003	12.191
672	1.e-003	1.e-003	5.5e-003	15.893
673	1.5e-003	1.e-003	5.e-003	12.922
674	1.e-003	1.e-003	6.5e-003	23.313
675	1.5e-003	1.e-003	6.e-003	19.835
676	1.e-003	1.e-003	7.5e-003	30.09
677	1.5e-003	1.e-003	7.e-003	27.179
678	1.e-003	1.e-003	8.5e-003	35.309
679	1.5e-003	1.e-003	8.e-003	33.277
680	1.e-003	1.e-003	9.5e-003	38.628
681	1.5e-003	1.e-003	9.e-003	37.589
682	1.e-003	1.e-003	1.05e-002	39.926
683	1.5e-003	1.e-003	1.e-002	39.9
684	1.e-003	1.e-003	1.15e-002	39.236
685	1.5e-003	1.e-003	1.1e-002	40.169
686	1.e-003	1.e-003	1.25e-002	36.718
687	1.5e-003	1.e-003	1.2e-002	38.493
688	1.e-003	1.e-003	1.35e-002	32.654
689	1.5e-003	1.e-003	1.3e-002	35.096
690	1.e-003	1.e-003	1.45e-002	27.429
691	1.5e-003	1.e-003	1.4e-002	30.318
692	1.e-003	1.e-003	1.55e-002	21.521
693	1.5e-003	1.e-003	1.5e-002	24.598
694	1.e-003	1.e-003	1.65e-002	15.47
695	1.5e-003	1.e-003	1.6e-002	18.454
696	1.e-003	1.e-003	1.75e-002	9.8394
697	1.5e-003	1.e-003	1.7e-002	12.466
698	1.e-003	1.e-003	1.85e-002	5.1579
699	1.5e-003	1.e-003	1.8e-002	7.2094
700	1.e-003	1.e-003	1.95e-002	1.521
701	1.5e-003	1.e-003	1.9e-002	3.1174
702	1.e-003	-1.e-003	1.85e-002	5.1579
703	5.e-004	-1.e-003	1.9e-002	3.2674
704	1.5e-003	-1.e-003	1.9e-002	3.1174
705	1.e-003	-1.e-003	1.95e-002	1.521
706	1.e-003	-1.e-003	1.75e-002	9.8394
707	5.e-004	-1.e-003	1.8e-002	7.4155
708	1.5e-003	-1.e-003	1.8e-002	7.2094
709	1.e-003	-1.e-003	1.65e-002	15.47
710	5.e-004	-1.e-003	1.7e-002	12.624
711	1.5e-003	-1.e-003	1.7e-002	12.466
712	1.e-003	-1.e-003	1.55e-002	21.521
713	5.e-004	-1.e-003	1.6e-002	18.489
714	1.5e-003	-1.e-003	1.6e-002	18.454
715	1.e-003	-1.e-003	1.45e-002	27.429
716	5.e-004	-1.e-003	1.5e-002	24.487
717	1.5e-003	-1.e-003	1.5e-002	24.598
718	1.e-003	-1.e-003	1.35e-002	32.654
719	5.e-004	-1.e-003	1.4e-002	30.064
720	1.5e-003	-1.e-003	1.4e-002	30.318
721	1.e-003	-1.e-003	1.25e-002	36.718
722	5.e-004	-1.e-003	1.3e-002	34.717
723	1.5e-003	-1.e-003	1.3e-002	35.096
724	1.e-003	-1.e-003	1.15e-002	39.236
725	5.e-004	-1.e-003	1.2e-002	38.013
726	1.5e-003	-1.e-003	1.2e-002	38.493
727	1.e-003	-1.e-003	1.05e-002	39.926
728	5.e-004	-1.e-003	1.1e-002	39.619
729	1.5e-003	-1.e-003	1.1e-002	40.169
730	1.e-003	-1.e-003	9.5e-003	38.628
731	5.e-004	-1.e-003	1.e-002	39.313
732	1.5e-003	-1.e-003	1.e-002	39.9
733	1.e-003	-1.e-003	8.5e-003	35.309
734	5.e-004	-1.e-003	9.e-003	36.997
735	1.5e-003	-1.e-003	9.e-003	37.589
736	1.e-003	-1.e-003	7.5e-003	30.09
737	5.e-004	-1.e-003	8.e-003	32.712
738	1.5e-003	-1.e-003	8.e-003	33.277
739	1.e-003	-1.e-003	6.5e-003	23.313
740	5.e-004	-1.e-003	7.e-003	26.672
741	1.5e-003	-1.e-003	7.e-003	27.179
742	1.e-003	-1.e-003	5.5e-003	15.893
743	5.e-004	-1.e-003	6.e-003	19.422
744	1.5e-003	-1.e-003	6.e-003	19.835
745	1.e-003	-1.e-003	4.5e-003	11.208
746	5.e-004	-1.e-003	5.e-003	12.684
747	1.5e-003	-1.e-003	5.e-003	12.922
748	1.e-003	-1.e-003	3.5e-003	15.582
749	5.e-004	-1.e-003	4.e-003	12.248
750	1.5e-003	-1.e-003	4.e-003	12.191
751	1.e-003	-1.e-003	2.5e-003	25.709
752	5.e-004	-1.e-003	3.e-003	20.342
753	1.5e-003	-1.e-003	3.e-003	20.21
754	1.e-003	-1.e-003	1.5e-003	37.536
755	5.e-004	-1.e-003	2.e-003	31.55
756	1.5e-003	-1.e-003	2.e-003	31.452
757	5.e-004	-1.e-003	1.e-003	43.714
758	1.5e-003	-1.e-003	1.e-003	43.652
759	1.e-003	-1.e-003	5.e-004	49.91
760	0.	-1.e-003	1.85e-002	5.2468
761	-5.e-004	-1.e-003	1.9e-002	3.2674
762	0.	-1.e-003	1.95e-002	1.5711
763	0.	-1.e-003	1.75e-002	9.9295
764	-5.e-004	-1.e-003	1.8e-002	7.4155
765	0.	-1.e-003	1.65e-002	15.516
766	-5.e-004	-1.e-003	1.7e-002	12.624
767	0.	-1.e-003	1.55e-002	21.5
768	-5.e-004	-1.e-003	1.6e-002	18.489
769	0.	-1.e-003	1.45e-002	27.337
770	-5.e-004	-1.e-003	1.5e-002	24.487
771	0.	-1.e-003	1.35e-002	32.495
772	-5.e-004	-1.e-003	1.4e-002	30.064
773	0.	-1.e-003	1.25e-002	36.504
774	-5.e-004	-1.e-003	1.3e-002	34.717
775	0.	-1.e-003	1.15e-002	38.98
776	-5.e-004	-1.e-003	1.2e-002	38.013
777	0.	-1.e-003	1.05e-002	39.643
778	-5.e-004	-1.e-003	1.1e-002	39.619
779	0.	-1.e-003	9.5e-003	38.334
780	-5.e-004	-1.e-003	1.e-002	39.313
781	0.	-1.e-003	8.5e-003	35.02
782	-5.e-004	-1.e-003	9.e-003	36.997
783	0.	-1.e-003	7.5e-003	29.821
784	-5.e-004	-1.e-003	8.e-003	32.712
785	0.	-1.e-003	6.5e-003	23.081
786	-5.e-004	-1.e-003	7.e-003	26.672
787	0.	-1.e-003	5.5e-003	15.721
788	-5.e-004	-1.e-003	6.e-003	19.422
789	0.	-1.e-003	4.5e-003	11.161
790	-5.e-004	-1.e-003	5.e-003	12.684
791	0.	-1.e-003	3.5e-003	15.64
792	-5.e-004	-1.e-003	4.e-003	12.248
793	0.	-1.e-003	2.5e-003	25.768
794	-5.e-004	-1.e-003	3.e-003	20.342
795	0.	-1.e-003	1.5e-003	37.577
796	-5.e-004	-1.e-003	2.e-003	31.55
797	-5.e-004	-1.e-003	1.e-003	43.714
798	0.	-1.e-003	5.e-004	49.94
799	-1.e-003	-1.e-003	1.85e-002	5.1579
800	-1.5e-003	-1.e-003	1.9e-002	3.1174
801	-1.e-003	-1.e-003	1.95e-002	1.521
802	-1.e-003	-1.e-003	1.75e-002	9.8394
803	-1.5e-003	-1.e-003	1.8e-002	7.2094
804	-1.e-003	-1.e-003	1.65e-002	15.47
805	-1.5e-003	-1.e-003	1.7e-002	12.466
806	-1.e-003	-1.e-003	1.55e-002	21.521
807	-1.5e-003	-1.e-003	1.6e-002	18.454
808	-1.e-003	-1.e-003	1.45e-002	27.429
809	-1.5e-003	-1.e-003	1.5e-002	24.598
810	-1.e-003	-1.e-003	1.35e-002	32.654
811	-1.5e-003	-1.e-003	1.4e-002	30.318
812	-1.e-003	-1.e-003	1.25e-002	36.718
813	-1.5e-003	-1.e-003	1.3e-002	35.096
814	-1.e-003	-1.e-003	1.15e-002	39.236
815	-1.5e-003	-1.e-003	1.2e-002	38.493
816	-1.e-003	-1.e-003	1.05e-002	39.926
817	-1.5e-003	-1.e-003	1.1e-002	40.169
818	-1.e-003	-1.e-003	9.5e-003	38.628
819	-1.5e-003	-1.e-003	1.e-002	39.9
820	-1.e-003	-1.e-003	8.5e-003	35.309
821	-1.5e-003	-1.e-003	9.e-003	37.589
822	-1.e-003	-1.e-003	7.5e-003	30.09
823	-1.5e-003	-1.e-003	8.e-003	33.277
824	-1.e-003	-1.e-003	6.5e-003	23.313
825	-1.5e-003	-1.e-003	7.e-003	27.179
826	-1.e-003	-1.e-003	5.5e-003	15.893
827	-1.5e-003	-1.e-003	6.e-003	19.835
828	-1.e-003	-1.e-003	4.5e-003	11.208
829	-1.5e-003	-1.e-003	5.e-003	12.922
830	-1.e-003	-1.e-003	3.5e-003	15.582
831	-1.5e-003	-1.e-003	4.e-003	12.191
832	-1.e-003	-1.e-003	2.5e-003	25.709
833	-1.5e-003	-1.e-003	3.e-003	20.21
834	-1.e-003	-1.e-003	1.5e-003	37.536
835	-1.5e-003	-1.e-003	2.e-003	31.452
836	-1.5e-003	-1.e-003	1.e-003	43.652
837	-1.e-003	-1.e-003	5.e-004	49.91
838	2.e-003	-1.e-003	1.85e-002	4.8102
839	2.e-003	-1.e-003	1.95e-002	1.5535
840	2.e-003	-5.e-004	1.9e-002	1.8205
841	2.e-003	-1.e-003	1.75e-002	9.474
842	2.e-003	-5.e-004	1.8e-002	5.7075
843	2.e-003	-1.e-003	1.65e-002	15.267
844	2.e-003	-5.e-004	1.7e-002	11.232
845	2.e-003	-1.e-003	1.55e-002	21.549
846	2.e-003	-5.e-004	1.6e-002	17.627
847	2.e-003	-1.e-003	1.45e-002	27.693
848	2.e-003	-5.e-004	1.5e-002	24.192
849	2.e-003	-1.e-003	1.35e-002	33.133
850	2.e-003	-5.e-004	1.4e-002	30.301
851	2.e-003	-1.e-003	1.25e-002	37.377
852	2.e-003	-5.e-004	1.3e-002	35.404
853	2.e-003	-1.e-003	1.15e-002	40.028
854	2.e-003	-5.e-004	1.2e-002	39.043
855	2.e-003	-1.e-003	1.05e-002	40.802
856	2.e-003	-5.e-004	1.1e-002	40.863
857	2.e-003	-1.e-003	9.5e-003	39.534
858	2.e-003	-5.e-004	1.e-002	40.626
859	2.e-003	-1.e-003	8.5e-003	36.194
860	2.e-003	-5.e-004	9.e-003	38.214
861	2.e-003	-1.e-003	7.5e-003	30.904
862	2.e-003	-5.e-004	8.e-003	33.638
863	2.e-003	-1.e-003	6.5e-003	24.004
864	2.e-003	-5.e-004	7.e-003	27.036
865	2.e-003	-1.e-003	5.5e-003	16.378
866	2.e-003	-5.e-004	6.e-003	18.712
867	2.e-003	-1.e-003	4.5e-003	11.285
868	2.e-003	-5.e-004	5.e-003	9.4905
869	2.e-003	-1.e-003	3.5e-003	15.357
870	2.e-003	-5.e-004	4.e-003	6.6958
871	2.e-003	-1.e-003	2.5e-003	25.515
872	2.e-003	-5.e-004	3.e-003	16.951
873	2.e-003	-1.e-003	1.5e-003	37.422
874	2.e-003	-5.e-004	2.e-003	29.335
875	2.e-003	-1.e-003	5.e-004	49.843
876	2.e-003	-5.e-004	1.e-003	42.148
877	-2.e-003	-1.e-003	1.85e-002	4.8102
878	-2.e-003	-1.e-003	1.95e-002	1.5535
879	-2.e-003	-5.e-004	1.9e-002	1.8205
880	-2.e-003	-1.e-003	1.75e-002	9.474
881	-2.e-003	-5.e-004	1.8e-002	5.7075
882	-2.e-003	-1.e-003	1.65e-002	15.267
883	-2.e-003	-5.e-004	1.7e-002	11.232
884	-2.e-003	-1.e-003	1.55e-002	21.549
885	-2.e-003	-5.e-004	1.6e-002	17.627
886	-2.e-003	-1.e-003	1.45e-002	27.693
887	-2.e-003	-5.e-004	1.5e-002	24.192
888	-2.e-003	-1.e-003	1.35e-002	33.133
889	-2.e-003	-5.e-004	1.4e-002	30.301
890	-2.e-003	-1.e-003	1.25e-002	37.377
891	-2.e-003	-5.e-004	1.3e-002	35.404
892	-2.e-003	-1.e-003	1.15e-002	40.028
893	-2.e-003	-5.e-004	1.2e-002	39.043
894	-2.e-003	-1.e-003	1.05e-002	40.802
895	-2.e-003	-5.e-004	1.1e-002	40.863
896	-2.e-003	-1.e-003	9.5e-003	39.534
897	-2.e-003	-5.e-004	1.e-002	40.626
898	-2.e-003	-1.e-003	8.5e-003	36.194
899	-2.e-003	-5.e-004	9.e-003	38.214
900	-2.e-003	-1.e-003	7.5e-003	30.904
901	-2.e-003	-5.e-004	8.e-003	33.638
902	-2.e-003	-1.e-003	6.5e-003	24.004
903	-2.e-003	-5.e-004	7.e-003	27.036
904	-2.e-003	-1.e-003	5.5e-003	16.378
905	-2.e-003	-5.e-004	6.e-003	18.712
906	-2.e-003	-1.e-003	4.5e-003	11.285
907	-2.e-003	-5.e-004	5.e-003	9.4905
908	-2.e-003	-1.e-003	3.5e-003	15.357
909	-2.e-003	-5.e-004	4.e-003	6.6958
910	-2.e-003	-1.e-003	2.5e-003	25.515
911	-2.e-003	-5.e-004	3.e-003	16.951
912	-2.e-003	-1.e-003	1.5e-003	37.422
913	-2.e-003	-5.e-004	2.e-003	29.335
914	-2.e-003	-1.e-003	5.e-004	49.843
915	-2.e-003	-5.e-004	1.e-003	42.148
916	1.5e-003	-1.e-003	2.e-002	0.
917	2.e-003	-5.e-004	2.e-002	0.
918	5.e-004	-1.e-003	2.e-002	0.
919	1.e-003	-5.e-004	2.e-002	0.
920	-5.e-004	-1.e-003	2.e-002	0.
921	0.	-5.e-004	2.e-002	0.
922	-1.5e-003	-1.e-003	2.e-002	0.
923	-1.e-003	-5.e-004	2.e-002	0.
924	-2.e-003	-5.e-004	2.e-002	0.
925	1.5e-003	-1.e-003	0.	56.137
926	2.e-003	-5.e-004	0.	54.983
927	5.e-004	-1.e-003	0.	56.19
928	1.e-003	-5.e-004	0.	55.049
929	-5.e-004	-1.e-003	0.	56.19
930	0.	-5.e-004	0.	55.081
931	-1.5e-003	-1.e-003	0.	56.137
932	-1.e-003	-5.e-004	0.	55.049
933	-2.e-003	-5.e-004	0.	54.983
934	5.e-004	0.	0.	54.691
935	1.e-003	5.e-004	0.	55.049
936	1.5e-003	0.	0.	54.631
937	-5.e-004	0.	0.	54.691
938	0.	5.e-004	0.	55.081
939	-1.e-003	5.e-004	0.	55.049
940	-1.5e-003	0.	0.	54.631
941	5.e-004	1.e-003	0.	56.19
942	1.5e-003	1.e-003	0.	56.137
943	-5.e-004	1.e-003	0.	56.19
944	-1.5e-003	1.e-003	0.	56.137
945	2.e-003	5.e-004	0.	54.983
946	2.e-003	1.e-003	5.e-004	49.843
947	2.e-003	0.	5.e-004	48.149
948	-2.e-003	5.e-004	0.	54.983
949	-2.e-003	0.	5.e-004	48.149
950	-2.e-003	1.e-003	5.e-004	49.843
951	5.e-004	0.	2.e-002	0.
952	1.e-003	5.e-004	2.e-002	0.
953	1.5e-003	0.	2.e-002	0.
954	-5.e-004	0.	2.e-002	0.
955	0.	5.e-004	2.e-002	0.
956	-1.e-003	5.e-004	2.e-002	0.
957	-1.5e-003	0.	2.e-002	0.
958	5.e-004	1.e-003	2.e-002	0.
959	1.5e-003	1.e-003	2.e-002	0.
960	-5.e-004	1.e-003	2.e-002	0.
961	-1.5e-003	1.e-003	2.e-002	0.
962	2.e-003	5.e-004	2.e-002	0.
963	2.e-003	1.e-003	1.95e-002	1.5535
964	2.e-003	0.	1.95e-002	0.17437
965	-2.e-003	5.e-004	2.e-002	0.
966	-2.e-003	0.	1.95e-002	0.17437
967	-2.e-003	1.e-003	1.95e-002	1.5535
968	-2.e-003	0.	1.85e-002	3.0307
969	-2.e-003	5.e-004	1.9e-002	1.8205
970	-2.e-003	0.	1.75e-002	7.9344
971	-2.e-003	5.e-004	1.8e-002	5.7075
972	-2.e-003	0.	1.65e-002	14.085
973	-2.e-003	5.e-004	1.7e-002	11.232
974	-2.e-003	0.	1.55e-002	20.738
975	-2.e-003	5.e-004	1.6e-002	17.627
976	-2.e-003	0.	1.45e-002	27.233
977	-2.e-003	5.e-004	1.5e-002	24.192
978	-2.e-003	0.	1.35e-002	32.973
979	-2.e-003	5.e-004	1.4e-002	30.301
980	-2.e-003	0.	1.25e-002	37.45
981	-2.e-003	5.e-004	1.3e-002	35.404
982	-2.e-003	0.	1.15e-002	40.253
983	-2.e-003	5.e-004	1.2e-002	39.043
984	-2.e-003	0.	1.05e-002	41.078
985	-2.e-003	5.e-004	1.1e-002	40.863
986	-2.e-003	0.	9.5e-003	39.744
987	-2.e-003	5.e-004	1.e-002	40.626
988	-2.e-003	0.	8.5e-003	36.189
989	-2.e-003	5.e-004	9.e-003	38.214
990	-2.e-003	0.	7.5e-003	30.469
991	-2.e-003	5.e-004	8.e-003	33.638
992	-2.e-003	0.	6.5e-003	22.748
993	-2.e-003	5.e-004	7.e-003	27.036
994	-2.e-003	0.	5.5e-003	13.281
995	-2.e-003	5.e-004	6.e-003	18.712
996	-2.e-003	0.	4.5e-003	2.3925
997	-2.e-003	5.e-004	5.e-003	9.4905
998	-2.e-003	0.	3.5e-003	9.5534
999	-2.e-003	5.e-004	4.e-003	6.6958
1000	-2.e-003	0.	2.5e-003	22.182
1001	-2.e-003	5.e-004	3.e-003	16.951
1002	-2.e-003	0.	1.5e-003	35.142
1003	-2.e-003	5.e-004	2.e-003	29.335
1004	-2.e-003	5.e-004	1.e-003	42.148
1005	-2.e-003	1.e-003	1.5e-003	37.422
1006	-2.e-003	1.e-003	2.5e-003	25.515
1007	-2.e-003	1.e-003	3.5e-003	15.357
1008	-2.e-003	1.e-003	4.5e-003	11.285
1009	-2.e-003	1.e-003	5.5e-003	16.378
1010	-2.e-003	1.e-003	6.5e-003	24.004
1011	-2.e-003	1.e-003	7.5e-003	30.904
1012	-2.e-003	1.e-003	8.5e-003	36.194
1013	-2.e-003	1.e-003	9.5e-003	39.534
1014	-2.e-003	1.e-003	1.05e-002	40.802
1015	-2.e-003	1.e-003	1.15e-002	40.028
1016	-2.e-003	1.e-003	1.25e-002	37.377
1017	-2.e-003	1.e-003	1.35e-002	33.133
1018	-2.e-003	1.e-003	1.45e-002	27.693
1019	-2.e-003	1.e-003	1.55e-002	21.549
1020	-2.e-003	1.e-003	1.65e-002	15.267
1021	-2.e-003	1.e-003	1.75e-002	9.474
1022	-2.e-003	1.e-003	1.85e-002	4.8102
1023	2.e-003	0.	1.85e-002	3.0307
1024	2.e-003	5.e-004	1.9e-002	1.8205
1025	2.e-003	0.	1.75e-002	7.9344
1026	2.e-003	5.e-004	1.8e-002	5.7075
1027	2.e-003	0.	1.65e-002	14.085
1028	2.e-003	5.e-004	1.7e-002	11.232
1029	2.e-003	0.	1.55e-002	20.738
1030	2.e-003	5.e-004	1.6e-002	17.627
1031	2.e-003	0.	1.45e-002	27.233
1032	2.e-003	5.e-004	1.5e-002	24.192
1033	2.e-003	0.	1.35e-002	32.973
1034	2.e-003	5.e-004	1.4e-002	30.301
1035	2.e-003	0.	1.25e-002	37.45
1036	2.e-003	5.e-004	1.3e-002	35.404
1037	2.e-003	0.	1.15e-002	40.253
1038	2.e-003	5.e-004	1.2e-002	39.043
1039	2.e-003	0.	1.05e-002	41.078
1040	2.e-003	5.e-004	1.1e-002	40.863
1041	2.e-003	0.	9.5e-003	39.744
1042	2.e-003	5.e-004	1.e-002	40.626
1043	2.e-003	0.	8.5e-003	36.189
1044	2.e-003	5.e-004	9.e-003	38.214
1045	2.e-003	0.	7.5e-003	30.469
1046	2.e-003	5.e-004	8.e-003	33.638
1047	2.e-003	0.	6.5e-003	22.748
1048	2.e-003	5.e-004	7.e-003	27.036
1049	2.e-003	0.	5.5e-003	13.281
1050	2.e-003	5.e-004	6.e-003	18.712
1051	2.e-003	0.	4.5e-003	2.3925
1052	2.e-003	5.e-004	5.e-003	9.4905
1053	2.e-003	0.	3.5e-003	9.5534
1054	2.e-003	5.e-004	4.e-003	6.6958
1055	2.e-003	0.	2.5e-003	22.182
1056	2.e-003	5.e-004	3.e-003	16.951
1057	2.e-003	0.	1.5e-003	35.142
1058	2.e-003	5.e-004	2.e-003	29.335
1059	2.e-003	5.e-004	1.e-003	42.148
1060	2.e-003	1.e-003	1.5e-003	37.422
1061	2.e-003	1.e-003	2.5e-003	25.515
1062	2.e-003	1.e-003	3.5e-003	15.357
1063	2.e-003	1.e-003	4.5e-003	11.285
1064	2.e-003	1.e-003	5.5e-003	16.378
1065	2.e-003	1.e-003	6.5e-003	24.004
1066	2.e-003	1.e-003	7.5e-003	30.904
1067	2.e-003	1.e-003	8.5e-003	36.194
1068	2.e-003	1.e-003	9.5e-003	39.534
1069	2.e-003	1.e-003	1.05e-002	40.802
1070	2.e-003	1.e-003	1.15e-002	40.028
1071	2.e-003	1.e-003	1.25e-002	37.377
1072	2.e-003	1.e-003	1.35e-002	33.133
1073	2.e-003	1.e-003	1.45e-002	27.693
1074	2.e-003	1.e-003	1.55e-002	21.549
1075	2.e-003	1.e-003	1.65e-002	15.267
1076	2.e-003	1.e-003	1.75e-002	9.474
1077	2.e-003	1.e-003	1.85e-002	4.8102
