Node Number	X Location (m)	Y Location (m)	Z Location (m)	Total Deformation (m)
1	1.e-003	0.	1.9e-002	2.9252
2	1.e-003	0.	1.8e-002	5.9956
3	1.e-003	0.	1.7e-002	9.1268
4	1.e-003	0.	1.6e-002	12.154
5	1.e-003	0.	1.5e-002	15.119
6	1.e-003	0.	1.4e-002	17.988
7	1.e-003	0.	1.3e-002	20.747
8	1.e-003	0.	1.2e-002	23.378
9	1.e-003	0.	1.1e-002	25.863
10	1.e-003	0.	1.e-002	28.189
11	1.e-003	0.	9.e-003	30.339
12	1.e-003	0.	8.e-003	32.301
13	1.e-003	0.	7.e-003	34.062
14	1.e-003	0.	6.e-003	35.611
15	1.e-003	0.	5.e-003	36.938
16	1.e-003	0.	4.e-003	38.035
17	1.e-003	0.	3.e-003	38.896
18	1.e-003	0.	2.e-003	39.515
19	1.e-003	0.	1.e-003	39.888
20	0.	0.	1.9e-002	2.7334
21	1.7347e-018	0.	1.8e-002	5.8575
22	0.	0.	1.7e-002	9.048
23	0.	0.	1.6e-002	12.117
24	0.	0.	1.5e-002	15.103
25	0.	0.	1.4e-002	17.984
26	0.	0.	1.3e-002	20.751
27	0.	0.	1.2e-002	23.387
28	0.	0.	1.1e-002	25.878
29	-1.0842e-018	0.	1.e-002	28.207
30	0.	0.	9.e-003	30.361
31	0.	0.	8.e-003	32.326
32	0.	0.	7.e-003	34.09
33	4.3368e-019	0.	6.e-003	35.642
34	0.	0.	5.e-003	36.971
35	-2.1684e-019	0.	4.e-003	38.07
36	0.	0.	3.e-003	38.932
37	0.	0.	2.e-003	39.552
38	0.	0.	1.e-003	39.925
39	-1.e-003	0.	1.9e-002	2.9252
40	-1.e-003	0.	1.8e-002	5.9956
41	-1.e-003	0.	1.7e-002	9.1268
42	-1.e-003	0.	1.6e-002	12.154
43	-1.e-003	0.	1.5e-002	15.119
44	-1.e-003	0.	1.4e-002	17.988
45	-1.e-003	0.	1.3e-002	20.747
46	-1.e-003	0.	1.2e-002	23.378
47	-1.e-003	0.	1.1e-002	25.863
48	-1.e-003	0.	1.e-002	28.189
49	-1.e-003	0.	9.e-003	30.339
50	-1.e-003	0.	8.e-003	32.301
51	-1.e-003	0.	7.e-003	34.062
52	-1.e-003	0.	6.e-003	35.611
53	-1.e-003	0.	5.e-003	36.938
54	-1.e-003	0.	4.e-003	38.035
55	-1.e-003	0.	3.e-003	38.896
56	-1.e-003	0.	2.e-003	39.515
57	-1.e-003	0.	1.e-003	39.888
58	-1.e-003	1.e-003	1.e-003	39.85
59	-1.e-003	1.e-003	2.e-003	39.478
60	-1.e-003	1.e-003	3.e-003	38.86
61	-1.e-003	1.e-003	4.e-003	38.001
62	-1.e-003	1.e-003	5.e-003	36.905
63	-1.e-003	1.e-003	6.e-003	35.58
64	-1.e-003	1.e-003	7.e-003	34.033
65	-1.e-003	1.e-003	8.e-003	32.276
66	-1.e-003	1.e-003	9.e-003	30.317
67	-1.e-003	1.e-003	1.e-002	28.171
68	-1.e-003	1.e-003	1.1e-002	25.849
69	-1.e-003	1.e-003	1.2e-002	23.368
70	-1.e-003	1.e-003	1.3e-002	20.743
71	-1.e-003	1.e-003	1.4e-002	17.991
72	-1.e-003	1.e-003	1.5e-002	15.13
73	-1.e-003	1.e-003	1.6e-002	12.177
74	-1.e-003	1.e-003	1.7e-002	9.1605
75	-1.e-003	1.e-003	1.8e-002	6.0752
76	-1.e-003	1.e-003	1.9e-002	3.1544
77	0.	1.e-003	1.e-003	39.888
78	0.	1.e-003	2.e-003	39.515
79	0.	1.e-003	3.e-003	38.897
80	-4.3368e-019	1.e-003	4.e-003	38.036
81	0.	1.e-003	5.e-003	36.938
82	8.6736e-019	1.e-003	6.e-003	35.611
83	0.	1.e-003	7.e-003	34.062
84	0.	1.e-003	8.e-003	32.301
85	0.	1.e-003	9.e-003	30.339
86	-2.1684e-018	1.e-003	1.e-002	28.189
87	0.	1.e-003	1.1e-002	25.864
88	0.	1.e-003	1.2e-002	23.378
89	0.	1.e-003	1.3e-002	20.747
90	0.	1.e-003	1.4e-002	17.987
91	0.	1.e-003	1.5e-002	15.115
92	0.	1.e-003	1.6e-002	12.138
93	0.	1.e-003	1.7e-002	9.0779
94	3.4694e-018	1.e-003	1.8e-002	5.9333
95	0.	1.e-003	1.9e-002	2.9753
96	1.e-003	1.e-003	1.e-003	39.85
97	1.e-003	1.e-003	2.e-003	39.478
98	1.e-003	1.e-003	3.e-003	38.86
99	1.e-003	1.e-003	4.e-003	38.001
100	1.e-003	1.e-003	5.e-003	36.905
101	1.e-003	1.e-003	6.e-003	35.58
102	1.e-003	1.e-003	7.e-003	34.033
103	1.e-003	1.e-003	8.e-003	32.276
104	1.e-003	1.e-003	9.e-003	30.317
105	1.e-003	1.e-003	1.e-002	28.171
106	1.e-003	1.e-003	1.1e-002	25.849
107	1.e-003	1.e-003	1.2e-002	23.368
108	1.e-003	1.e-003	1.3e-002	20.743
109	1.e-003	1.e-003	1.4e-002	17.991
110	1.e-003	1.e-003	1.5e-002	15.13
111	1.e-003	1.e-003	1.6e-002	12.177
112	1.e-003	1.e-003	1.7e-002	9.1605
113	1.e-003	1.e-003	1.8e-002	6.0752
114	1.e-003	1.e-003	1.9e-002	3.1544
115	1.e-003	-1.e-003	1.9e-002	3.1544
116	1.e-003	-1.e-003	1.8e-002	6.0752
117	1.e-003	-1.e-003	1.7e-002	9.1605
118	1.e-003	-1.e-003	1.6e-002	12.177
119	1.e-003	-1.e-003	1.5e-002	15.13
120	1.e-003	-1.e-003	1.4e-002	17.991
121	1.e-003	-1.e-003	1.3e-002	20.743
122	1.e-003	-1.e-003	1.2e-002	23.368
123	1.e-003	-1.e-003	1.1e-002	25.849
124	1.e-003	-1.e-003	1.e-002	28.171
125	1.e-003	-1.e-003	9.e-003	30.317
126	1.e-003	-1.e-003	8.e-003	32.276
127	1.e-003	-1.e-003	7.e-003	34.033
128	1.e-003	-1.e-003	6.e-003	35.58
129	1.e-003	-1.e-003	5.e-003	36.905
130	1.e-003	-1.e-003	4.e-003	38.001
131	1.e-003	-1.e-003	3.e-003	38.86
132	1.e-003	-1.e-003	2.e-003	39.478
133	1.e-003	-1.e-003	1.e-003	39.85
134	0.	-1.e-003	1.9e-002	2.9753
135	0.	-1.e-003	1.8e-002	5.9333
136	0.	-1.e-003	1.7e-002	9.0779
137	0.	-1.e-003	1.6e-002	12.138
138	0.	-1.e-003	1.5e-002	15.115
139	0.	-1.e-003	1.4e-002	17.987
140	0.	-1.e-003	1.3e-002	20.747
141	0.	-1.e-003	1.2e-002	23.378
142	0.	-1.e-003	1.1e-002	25.864
143	0.	-1.e-003	1.e-002	28.189
144	0.	-1.e-003	9.e-003	30.339
145	0.	-1.e-003	8.e-003	32.301
146	0.	-1.e-003	7.e-003	34.062
147	0.	-1.e-003	6.e-003	35.611
148	0.	-1.e-003	5.e-003	36.938
149	0.	-1.e-003	4.e-003	38.036
150	0.	-1.e-003	3.e-003	38.897
151	0.	-1.e-003	2.e-003	39.515
152	0.	-1.e-003	1.e-003	39.888
153	-1.e-003	-1.e-003	1.9e-002	3.1544
154	-1.e-003	-1.e-003	1.8e-002	6.0752
155	-1.e-003	-1.e-003	1.7e-002	9.1605
156	-1.e-003	-1.e-003	1.6e-002	12.177
157	-1.e-003	-1.e-003	1.5e-002	15.13
158	-1.e-003	-1.e-003	1.4e-002	17.991
159	-1.e-003	-1.e-003	1.3e-002	20.743
160	-1.e-003	-1.e-003	1.2e-002	23.368
161	-1.e-003	-1.e-003	1.1e-002	25.849
162	-1.e-003	-1.e-003	1.e-002	28.171
163	-1.e-003	-1.e-003	9.e-003	30.317
164	-1.e-003	-1.e-003	8.e-003	32.276
165	-1.e-003	-1.e-003	7.e-003	34.033
166	-1.e-003	-1.e-003	6.e-003	35.58
167	-1.e-003	-1.e-003	5.e-003	36.905
168	-1.e-003	-1.e-003	4.e-003	38.001
169	-1.e-003	-1.e-003	3.e-003	38.86
170	-1.e-003	-1.e-003	2.e-003	39.478
171	-1.e-003	-1.e-003	1.e-003	39.85
172	2.e-003	-1.e-003	1.9e-002	3.6848
173	2.e-003	-1.e-003	1.8e-002	6.4432
174	2.e-003	-1.e-003	1.7e-002	9.3316
175	2.e-003	-1.e-003	1.6e-002	12.26
176	2.e-003	-1.e-003	1.5e-002	15.166
177	2.e-003	-1.e-003	1.4e-002	18.
178	2.e-003	-1.e-003	1.3e-002	20.732
179	2.e-003	-1.e-003	1.2e-002	23.34
180	2.e-003	-1.e-003	1.1e-002	25.807
181	2.e-003	-1.e-003	1.e-002	28.115
182	2.e-003	-1.e-003	9.e-003	30.25
183	2.e-003	-1.e-003	8.e-003	32.199
184	2.e-003	-1.e-003	7.e-003	33.948
185	2.e-003	-1.e-003	6.e-003	35.487
186	2.e-003	-1.e-003	5.e-003	36.806
187	2.e-003	-1.e-003	4.e-003	37.897
188	2.e-003	-1.e-003	3.e-003	38.752
189	2.e-003	-1.e-003	2.e-003	39.367
190	2.e-003	-1.e-003	1.e-003	39.738
191	-2.e-003	-1.e-003	1.9e-002	3.6848
192	-2.e-003	-1.e-003	1.8e-002	6.4432
193	-2.e-003	-1.e-003	1.7e-002	9.3316
194	-2.e-003	-1.e-003	1.6e-002	12.26
195	-2.e-003	-1.e-003	1.5e-002	15.166
196	-2.e-003	-1.e-003	1.4e-002	18.
197	-2.e-003	-1.e-003	1.3e-002	20.732
198	-2.e-003	-1.e-003	1.2e-002	23.34
199	-2.e-003	-1.e-003	1.1e-002	25.807
200	-2.e-003	-1.e-003	1.e-002	28.115
201	-2.e-003	-1.e-003	9.e-003	30.25
202	-2.e-003	-1.e-003	8.e-003	32.199
203	-2.e-003	-1.e-003	7.e-003	33.948
204	-2.e-003	-1.e-003	6.e-003	35.487
205	-2.e-003	-1.e-003	5.e-003	36.806
206	-2.e-003	-1.e-003	4.e-003	37.897
207	-2.e-003	-1.e-003	3.e-003	38.752
208	-2.e-003	-1.e-003	2.e-003	39.367
209	-2.e-003	-1.e-003	1.e-003	39.738
210	2.e-003	-1.e-003	2.e-002	0.
211	1.e-003	-1.e-003	2.e-002	0.
212	0.	-1.e-003	2.e-002	0.
213	-1.e-003	-1.e-003	2.e-002	0.
214	-2.e-003	-1.e-003	2.e-002	0.
215	2.e-003	-1.e-003	0.	39.861
216	1.e-003	-1.e-003	0.	39.975
217	0.	-1.e-003	0.	40.013
218	-1.e-003	-1.e-003	0.	39.975
219	-2.e-003	-1.e-003	0.	39.861
220	1.e-003	0.	0.	40.012
221	0.	0.	0.	40.05
222	-1.e-003	0.	0.	40.012
223	1.e-003	1.e-003	0.	39.975
224	0.	1.e-003	0.	40.013
225	-1.e-003	1.e-003	0.	39.975
226	2.e-003	1.e-003	0.	39.861
227	2.e-003	0.	0.	39.899
228	-2.e-003	0.	0.	39.899
229	-2.e-003	1.e-003	0.	39.861
230	1.e-003	0.	2.e-002	0.
231	0.	0.	2.e-002	0.
232	-1.e-003	0.	2.e-002	0.
233	1.e-003	1.e-003	2.e-002	0.
234	0.	1.e-003	2.e-002	0.
235	-1.e-003	1.e-003	2.e-002	0.
236	2.e-003	1.e-003	2.e-002	0.
237	2.e-003	0.	2.e-002	0.
238	-2.e-003	0.	2.e-002	0.
239	-2.e-003	1.e-003	2.e-002	0.
240	-2.e-003	0.	1.9e-002	3.5477
241	-2.e-003	0.	1.8e-002	6.3648
242	-2.e-003	0.	1.7e-002	9.2965
243	-2.e-003	0.	1.6e-002	12.236
244	-2.e-003	0.	1.5e-002	15.154
245	-2.e-003	0.	1.4e-002	17.996
246	-2.e-003	0.	1.3e-002	20.735
247	-2.e-003	0.	1.2e-002	23.35
248	-2.e-003	0.	1.1e-002	25.821
249	-2.e-003	0.	1.e-002	28.134
250	-2.e-003	0.	9.e-003	30.272
251	-2.e-003	0.	8.e-003	32.224
252	-2.e-003	0.	7.e-003	33.976
253	-2.e-003	0.	6.e-003	35.518
254	-2.e-003	0.	5.e-003	36.839
255	-2.e-003	0.	4.e-003	37.931
256	-2.e-003	0.	3.e-003	38.788
257	-2.e-003	0.	2.e-003	39.404
258	-2.e-003	0.	1.e-003	39.775
259	-2.e-003	1.e-003	1.e-003	39.738
260	-2.e-003	1.e-003	2.e-003	39.367
261	-2.e-003	1.e-003	3.e-003	38.752
262	-2.e-003	1.e-003	4.e-003	37.897
263	-2.e-003	1.e-003	5.e-003	36.806
264	-2.e-003	1.e-003	6.e-003	35.487
265	-2.e-003	1.e-003	7.e-003	33.948
266	-2.e-003	1.e-003	8.e-003	32.199
267	-2.e-003	1.e-003	9.e-003	30.25
268	-2.e-003	1.e-003	1.e-002	28.115
269	-2.e-003	1.e-003	1.1e-002	25.807
270	-2.e-003	1.e-003	1.2e-002	23.34
271	-2.e-003	1.e-003	1.3e-002	20.732
272	-2.e-003	1.e-003	1.4e-002	18.
273	-2.e-003	1.e-003	1.5e-002	15.166
274	-2.e-003	1.e-003	1.6e-002	12.26
275	-2.e-003	1.e-003	1.7e-002	9.3316
276	-2.e-003	1.e-003	1.8e-002	6.4432
277	-2.e-003	1.e-003	1.9e-002	3.6848
278	2.e-003	0.	1.9e-002	3.5477
279	2.e-003	0.	1.8e-002	6.3648
280	2.e-003	0.	1.7e-002	9.2965
281	2.e-003	0.	1.6e-002	12.236
282	2.e-003	0.	1.5e-002	15.154
283	2.e-003	0.	1.4e-002	17.996
284	2.e-003	0.	1.3e-002	20.735
285	2.e-003	0.	1.2e-002	23.35
286	2.e-003	0.	1.1e-002	25.821
287	2.e-003	0.	1.e-002	28.134
288	2.e-003	0.	9.e-003	30.272
289	2.e-003	0.	8.e-003	32.224
290	2.e-003	0.	7.e-003	33.976
291	2.e-003	0.	6.e-003	35.518
292	2.e-003	0.	5.e-003	36.839
293	2.e-003	0.	4.e-003	37.931
294	2.e-003	0.	3.e-003	38.788
295	2.e-003	0.	2.e-003	39.404
296	2.e-003	0.	1.e-003	39.775
297	2.e-003	1.e-003	1.e-003	39.738
298	2.e-003	1.e-003	2.e-003	39.367
299	2.e-003	1.e-003	3.e-003	38.752
300	2.e-003	1.e-003	4.e-003	37.897
301	2.e-003	1.e-003	5.e-003	36.806
302	2.e-003	1.e-003	6.e-003	35.487
303	2.e-003	1.e-003	7.e-003	33.948
304	2.e-003	1.e-003	8.e-003	32.199
305	2.e-003	1.e-003	9.e-003	30.25
306	2.e-003	1.e-003	1.e-002	28.115
307	2.e-003	1.e-003	1.1e-002	25.807
308	2.e-003	1.e-003	1.2e-002	23.34
309	2.e-003	1.e-003	1.3e-002	20.732
310	2.e-003	1.e-003	1.4e-002	18.
311	2.e-003	1.e-003	1.5e-002	15.166
312	2.e-003	1.e-003	1.6e-002	12.26
313	2.e-003	1.e-003	1.7e-002	9.3316
314	2.e-003	1.e-003	1.8e-002	6.4432
315	2.e-003	1.e-003	1.9e-002	3.6848
316	1.e-003	0.	1.85e-002	4.4529
317	5.e-004	0.	1.9e-002	2.7663
318	1.e-003	5.e-004	1.9e-002	2.9442
319	1.e-003	-5.e-004	1.9e-002	2.9442
320	1.e-003	0.	1.95e-002	1.2599
321	1.5e-003	0.	1.9e-002	3.1072
322	1.e-003	0.	1.75e-002	7.5742
323	5.e-004	0.	1.8e-002	5.9031
324	1.e-003	5.e-004	1.8e-002	6.0394
325	1.e-003	-5.e-004	1.8e-002	6.0394
326	1.5e-003	0.	1.8e-002	6.1866
327	1.e-003	0.	1.65e-002	10.648
328	5.e-004	0.	1.7e-002	9.0651
329	1.e-003	5.e-004	1.7e-002	9.1295
330	1.e-003	-5.e-004	1.7e-002	9.1295
331	1.5e-003	0.	1.7e-002	9.2058
332	1.e-003	0.	1.55e-002	13.647
333	5.e-004	0.	1.6e-002	12.129
334	1.e-003	5.e-004	1.6e-002	12.161
335	1.e-003	-5.e-004	1.6e-002	12.161
336	1.5e-003	0.	1.6e-002	12.194
337	1.e-003	0.	1.45e-002	16.566
338	5.e-004	0.	1.5e-002	15.107
339	1.e-003	5.e-004	1.5e-002	15.121
340	1.e-003	-5.e-004	1.5e-002	15.121
341	1.5e-003	0.	1.5e-002	15.134
342	1.e-003	0.	1.35e-002	19.382
343	5.e-004	0.	1.4e-002	17.985
344	1.e-003	5.e-004	1.4e-002	17.989
345	1.e-003	-5.e-004	1.4e-002	17.989
346	1.5e-003	0.	1.4e-002	17.992
347	1.e-003	0.	1.25e-002	22.079
348	5.e-004	0.	1.3e-002	20.75
349	1.e-003	5.e-004	1.3e-002	20.746
350	1.e-003	-5.e-004	1.3e-002	20.746
351	1.5e-003	0.	1.3e-002	20.742
352	1.e-003	0.	1.15e-002	24.64
353	5.e-004	0.	1.2e-002	23.385
354	1.e-003	5.e-004	1.2e-002	23.375
355	1.e-003	-5.e-004	1.2e-002	23.375
356	1.5e-003	0.	1.2e-002	23.366
357	1.e-003	0.	1.05e-002	27.047
358	5.e-004	0.	1.1e-002	25.874
359	1.e-003	5.e-004	1.1e-002	25.86
360	1.e-003	-5.e-004	1.1e-002	25.86
361	1.5e-003	0.	1.1e-002	25.846
362	1.e-003	0.	9.5e-003	29.287
363	5.e-004	0.	1.e-002	28.203
364	1.e-003	5.e-004	1.e-002	28.184
365	1.e-003	-5.e-004	1.e-002	28.184
366	1.5e-003	0.	1.e-002	28.166
367	1.e-003	0.	8.5e-003	31.344
368	5.e-004	0.	9.e-003	30.356
369	1.e-003	5.e-004	9.e-003	30.334
370	1.e-003	-5.e-004	9.e-003	30.334
371	1.5e-003	0.	9.e-003	30.311
372	1.e-003	0.	7.5e-003	33.207
373	5.e-004	0.	8.e-003	32.32
374	1.e-003	5.e-004	8.e-003	32.295
375	1.e-003	-5.e-004	8.e-003	32.295
376	1.5e-003	0.	8.e-003	32.269
377	1.e-003	0.	6.5e-003	34.863
378	5.e-004	0.	7.e-003	34.083
379	1.e-003	5.e-004	7.e-003	34.055
380	1.e-003	-5.e-004	7.e-003	34.055
381	1.5e-003	0.	7.e-003	34.026
382	1.e-003	0.	5.5e-003	36.302
383	5.e-004	0.	6.e-003	35.634
384	1.e-003	5.e-004	6.e-003	35.603
385	1.e-003	-5.e-004	6.e-003	35.603
386	1.5e-003	0.	6.e-003	35.572
387	1.e-003	0.	4.5e-003	37.516
388	5.e-004	0.	5.e-003	36.963
389	1.e-003	5.e-004	5.e-003	36.93
390	1.e-003	-5.e-004	5.e-003	36.93
391	1.5e-003	0.	5.e-003	36.897
392	1.e-003	0.	3.5e-003	38.496
393	5.e-004	0.	4.e-003	38.061
394	1.e-003	5.e-004	4.e-003	38.027
395	1.e-003	-5.e-004	4.e-003	38.027
396	1.5e-003	0.	4.e-003	37.992
397	1.e-003	0.	2.5e-003	39.236
398	5.e-004	0.	3.e-003	38.923
399	1.e-003	5.e-004	3.e-003	38.887
400	1.e-003	-5.e-004	3.e-003	38.887
401	1.5e-003	0.	3.e-003	38.851
402	1.e-003	0.	1.5e-003	39.732
403	5.e-004	0.	2.e-003	39.543
404	1.e-003	5.e-004	2.e-003	39.506
405	1.e-003	-5.e-004	2.e-003	39.506
406	1.5e-003	0.	2.e-003	39.469
407	5.e-004	0.	1.e-003	39.916
408	1.e-003	5.e-004	1.e-003	39.878
409	1.e-003	-5.e-004	1.e-003	39.878
410	1.e-003	0.	5.e-004	39.981
411	1.5e-003	0.	1.e-003	39.841
412	8.6736e-019	0.	1.85e-002	4.2823
413	-5.e-004	0.	1.9e-002	2.7663
414	0.	5.e-004	1.9e-002	2.7555
415	0.	-5.e-004	1.9e-002	2.7555
416	0.	0.	1.95e-002	1.1972
417	8.6736e-019	0.	1.75e-002	7.4641
418	-5.e-004	0.	1.8e-002	5.9031
419	2.6021e-018	5.e-004	1.8e-002	5.9019
420	8.6736e-019	-5.e-004	1.8e-002	5.9019
421	0.	0.	1.65e-002	10.593
422	-5.e-004	0.	1.7e-002	9.0651
423	0.	5.e-004	1.7e-002	9.0499
424	0.	-5.e-004	1.7e-002	9.0499
425	0.	0.	1.55e-002	13.623
426	-5.e-004	0.	1.6e-002	12.129
427	0.	5.e-004	1.6e-002	12.124
428	0.	-5.e-004	1.6e-002	12.124
429	0.	0.	1.45e-002	16.557
430	-5.e-004	0.	1.5e-002	15.107
431	0.	5.e-004	1.5e-002	15.106
432	0.	-5.e-004	1.5e-002	15.106
433	0.	0.	1.35e-002	19.383
434	-5.e-004	0.	1.4e-002	17.985
435	0.	5.e-004	1.4e-002	17.985
436	0.	-5.e-004	1.4e-002	17.985
437	0.	0.	1.25e-002	22.086
438	-5.e-004	0.	1.3e-002	20.75
439	0.	5.e-004	1.3e-002	20.75
440	0.	-5.e-004	1.3e-002	20.75
441	0.	0.	1.15e-002	24.652
442	-5.e-004	0.	1.2e-002	23.385
443	0.	5.e-004	1.2e-002	23.385
444	0.	-5.e-004	1.2e-002	23.385
445	-4.3368e-019	0.	1.05e-002	27.064
446	-5.e-004	0.	1.1e-002	25.874
447	0.	5.e-004	1.1e-002	25.874
448	0.	-5.e-004	1.1e-002	25.874
449	-4.3368e-019	0.	9.5e-003	29.307
450	-5.e-004	0.	1.e-002	28.203
451	-1.6263e-018	5.e-004	1.e-002	28.203
452	-5.421e-019	-5.e-004	1.e-002	28.203
453	0.	0.	8.5e-003	31.368
454	-5.e-004	0.	9.e-003	30.356
455	0.	5.e-004	9.e-003	30.356
456	0.	-5.e-004	9.e-003	30.356
457	0.	0.	7.5e-003	33.234
458	-5.e-004	0.	8.e-003	32.32
459	0.	5.e-004	8.e-003	32.32
460	0.	-5.e-004	8.e-003	32.32
461	2.1684e-019	0.	6.5e-003	34.893
462	-5.e-004	0.	7.e-003	34.083
463	0.	5.e-004	7.e-003	34.083
464	0.	-5.e-004	7.e-003	34.083
465	2.1684e-019	0.	5.5e-003	36.335
466	-5.e-004	0.	6.e-003	35.634
467	6.5052e-019	5.e-004	6.e-003	35.634
468	2.1684e-019	-5.e-004	6.e-003	35.634
469	0.	0.	4.5e-003	37.55
470	-5.e-004	0.	5.e-003	36.963
471	0.	5.e-004	5.e-003	36.963
472	0.	-5.e-004	5.e-003	36.963
473	0.	0.	3.5e-003	38.531
474	-5.e-004	0.	4.e-003	38.061
475	-3.2526e-019	5.e-004	4.e-003	38.062
476	-1.0842e-019	-5.e-004	4.e-003	38.062
477	0.	0.	2.5e-003	39.273
478	-5.e-004	0.	3.e-003	38.923
479	0.	5.e-004	3.e-003	38.923
480	0.	-5.e-004	3.e-003	38.923
481	0.	0.	1.5e-003	39.77
482	-5.e-004	0.	2.e-003	39.543
483	0.	5.e-004	2.e-003	39.543
484	0.	-5.e-004	2.e-003	39.543
485	-5.e-004	0.	1.e-003	39.916
486	0.	5.e-004	1.e-003	39.916
487	0.	-5.e-004	1.e-003	39.916
488	0.	0.	5.e-004	40.019
489	-1.e-003	0.	1.85e-002	4.4529
490	-1.e-003	5.e-004	1.9e-002	2.9442
491	-1.e-003	-5.e-004	1.9e-002	2.9442
492	-1.e-003	0.	1.95e-002	1.2599
493	-1.5e-003	0.	1.9e-002	3.1072
494	-1.e-003	0.	1.75e-002	7.5742
495	-1.e-003	5.e-004	1.8e-002	6.0394
496	-1.e-003	-5.e-004	1.8e-002	6.0394
497	-1.5e-003	0.	1.8e-002	6.1866
498	-1.e-003	0.	1.65e-002	10.648
499	-1.e-003	5.e-004	1.7e-002	9.1295
500	-1.e-003	-5.e-004	1.7e-002	9.1295
501	-1.5e-003	0.	1.7e-002	9.2058
502	-1.e-003	0.	1.55e-002	13.647
503	-1.e-003	5.e-004	1.6e-002	12.161
504	-1.e-003	-5.e-004	1.6e-002	12.161
505	-1.5e-003	0.	1.6e-002	12.194
506	-1.e-003	0.	1.45e-002	16.566
507	-1.e-003	5.e-004	1.5e-002	15.121
508	-1.e-003	-5.e-004	1.5e-002	15.121
509	-1.5e-003	0.	1.5e-002	15.134
510	-1.e-003	0.	1.35e-002	19.382
511	-1.e-003	5.e-004	1.4e-002	17.989
512	-1.e-003	-5.e-004	1.4e-002	17.989
513	-1.5e-003	0.	1.4e-002	17.992
514	-1.e-003	0.	1.25e-002	22.079
515	-1.e-003	5.e-004	1.3e-002	20.746
516	-1.e-003	-5.e-004	1.3e-002	20.746
517	-1.5e-003	0.	1.3e-002	20.742
518	-1.e-003	0.	1.15e-002	24.64
519	-1.e-003	5.e-004	1.2e-002	23.375
520	-1.e-003	-5.e-004	1.2e-002	23.375
521	-1.5e-003	0.	1.2e-002	23.366
522	-1.e-003	0.	1.05e-002	27.047
523	-1.e-003	5.e-004	1.1e-002	25.86
524	-1.e-003	-5.e-004	1.1e-002	25.86
525	-1.5e-003	0.	1.1e-002	25.846
526	-1.e-003	0.	9.5e-003	29.287
527	-1.e-003	5.e-004	1.e-002	28.184
528	-1.e-003	-5.e-004	1.e-002	28.184
529	-1.5e-003	0.	1.e-002	28.166
530	-1.e-003	0.	8.5e-003	31.344
531	-1.e-003	5.e-004	9.e-003	30.334
532	-1.e-003	-5.e-004	9.e-003	30.334
533	-1.5e-003	0.	9.e-003	30.311
534	-1.e-003	0.	7.5e-003	33.207
535	-1.e-003	5.e-004	8.e-003	32.295
536	-1.e-003	-5.e-004	8.e-003	32.295
537	-1.5e-003	0.	8.e-003	32.269
538	-1.e-003	0.	6.5e-003	34.863
539	-1.e-003	5.e-004	7.e-003	34.055
540	-1.e-003	-5.e-004	7.e-003	34.055
541	-1.5e-003	0.	7.e-003	34.026
542	-1.e-003	0.	5.5e-003	36.302
543	-1.e-003	5.e-004	6.e-003	35.603
544	-1.e-003	-5.e-004	6.e-003	35.603
545	-1.5e-003	0.	6.e-003	35.572
546	-1.e-003	0.	4.5e-003	37.516
547	-1.e-003	5.e-004	5.e-003	36.93
548	-1.e-003	-5.e-004	5.e-003	36.93
549	-1.5e-003	0.	5.e-003	36.897
550	-1.e-003	0.	3.5e-003	38.496
551	-1.e-003	5.e-004	4.e-003	38.027
552	-1.e-003	-5.e-004	4.e-003	38.027
553	-1.5e-003	0.	4.e-003	37.992
554	-1.e-003	0.	2.5e-003	39.236
555	-1.e-003	5.e-004	3.e-003	38.887
556	-1.e-003	-5.e-004	3.e-003	38.887
557	-1.5e-003	0.	3.e-003	38.851
558	-1.e-003	0.	1.5e-003	39.732
559	-1.e-003	5.e-004	2.e-003	39.506
560	-1.e-003	-5.e-004	2.e-003	39.506
561	-1.5e-003	0.	2.e-003	39.469
562	-1.e-003	5.e-004	1.e-003	39.878
563	-1.e-003	-5.e-004	1.e-003	39.878
564	-1.e-003	0.	5.e-004	39.981
565	-1.5e-003	0.	1.e-003	39.841
566	-1.e-003	1.e-003	1.5e-003	39.695
567	-5.e-004	1.e-003	1.e-003	39.879
568	-1.e-003	1.e-003	5.e-004	39.944
569	-1.5e-003	1.e-003	1.e-003	39.803
570	-1.e-003	1.e-003	2.5e-003	39.2
571	-5.e-004	1.e-003	2.e-003	39.506
572	-1.5e-003	1.e-003	2.e-003	39.432
573	-1.e-003	1.e-003	3.5e-003	38.461
574	-5.e-004	1.e-003	3.e-003	38.888
575	-1.5e-003	1.e-003	3.e-003	38.815
576	-1.e-003	1.e-003	4.5e-003	37.482
577	-5.e-004	1.e-003	4.e-003	38.027
578	-1.5e-003	1.e-003	4.e-003	37.957
579	-1.e-003	1.e-003	5.5e-003	36.271
580	-5.e-004	1.e-003	5.e-003	36.93
581	-1.5e-003	1.e-003	5.e-003	36.864
582	-1.e-003	1.e-003	6.5e-003	34.834
583	-5.e-004	1.e-003	6.e-003	35.603
584	-1.5e-003	1.e-003	6.e-003	35.541
585	-1.e-003	1.e-003	7.5e-003	33.18
586	-5.e-004	1.e-003	7.e-003	34.055
587	-1.5e-003	1.e-003	7.e-003	33.998
588	-1.e-003	1.e-003	8.5e-003	31.321
589	-5.e-004	1.e-003	8.e-003	32.295
590	-1.5e-003	1.e-003	8.e-003	32.244
591	-1.e-003	1.e-003	9.5e-003	29.267
592	-5.e-004	1.e-003	9.e-003	30.334
593	-1.5e-003	1.e-003	9.e-003	30.289
594	-1.e-003	1.e-003	1.05e-002	27.031
595	-5.e-004	1.e-003	1.e-002	28.184
596	-1.5e-003	1.e-003	1.e-002	28.147
597	-1.e-003	1.e-003	1.15e-002	24.628
598	-5.e-004	1.e-003	1.1e-002	25.86
599	-1.5e-003	1.e-003	1.1e-002	25.832
600	-1.e-003	1.e-003	1.25e-002	22.073
601	-5.e-004	1.e-003	1.2e-002	23.375
602	-1.5e-003	1.e-003	1.2e-002	23.357
603	-1.e-003	1.e-003	1.35e-002	19.382
604	-5.e-004	1.e-003	1.3e-002	20.746
605	-1.5e-003	1.e-003	1.3e-002	20.739
606	-1.e-003	1.e-003	1.45e-002	16.573
607	-5.e-004	1.e-003	1.4e-002	17.988
608	-1.5e-003	1.e-003	1.4e-002	17.995
609	-1.e-003	1.e-003	1.55e-002	13.664
610	-5.e-004	1.e-003	1.5e-002	15.119
611	-1.5e-003	1.e-003	1.5e-002	15.147
612	-1.e-003	1.e-003	1.65e-002	10.677
613	-5.e-004	1.e-003	1.6e-002	12.15
614	-1.5e-003	1.e-003	1.6e-002	12.218
615	-1.e-003	1.e-003	1.75e-002	7.6184
616	-5.e-004	1.e-003	1.7e-002	9.0966
617	-1.5e-003	1.e-003	1.7e-002	9.2442
618	-1.e-003	1.e-003	1.85e-002	4.5968
619	-5.e-004	1.e-003	1.8e-002	5.9796
620	-1.5e-003	1.e-003	1.8e-002	6.2641
621	-5.e-004	1.e-003	1.9e-002	3.0085
622	-1.e-003	1.e-003	1.95e-002	1.6584
623	-1.5e-003	1.e-003	1.9e-002	3.2941
624	0.	1.e-003	1.5e-003	39.733
625	5.e-004	1.e-003	1.e-003	39.879
626	0.	1.e-003	5.e-004	39.982
627	0.	1.e-003	2.5e-003	39.237
628	5.e-004	1.e-003	2.e-003	39.506
629	0.	1.e-003	3.5e-003	38.496
630	5.e-004	1.e-003	3.e-003	38.888
631	0.	1.e-003	4.5e-003	37.516
632	5.e-004	1.e-003	4.e-003	38.027
633	4.3368e-019	1.e-003	5.5e-003	36.303
634	5.e-004	1.e-003	5.e-003	36.93
635	4.3368e-019	1.e-003	6.5e-003	34.864
636	5.e-004	1.e-003	6.e-003	35.603
637	0.	1.e-003	7.5e-003	33.207
638	5.e-004	1.e-003	7.e-003	34.055
639	0.	1.e-003	8.5e-003	31.345
640	5.e-004	1.e-003	8.e-003	32.295
641	-8.6736e-019	1.e-003	9.5e-003	29.287
642	5.e-004	1.e-003	9.e-003	30.334
643	-8.6736e-019	1.e-003	1.05e-002	27.047
644	5.e-004	1.e-003	1.e-002	28.184
645	0.	1.e-003	1.15e-002	24.64
646	5.e-004	1.e-003	1.1e-002	25.86
647	0.	1.e-003	1.25e-002	22.08
648	5.e-004	1.e-003	1.2e-002	23.375
649	0.	1.e-003	1.35e-002	19.382
650	5.e-004	1.e-003	1.3e-002	20.746
651	0.	1.e-003	1.45e-002	16.564
652	5.e-004	1.e-003	1.4e-002	17.988
653	0.	1.e-003	1.55e-002	13.638
654	5.e-004	1.e-003	1.5e-002	15.119
655	0.	1.e-003	1.65e-002	10.62
656	5.e-004	1.e-003	1.6e-002	12.15
657	1.7347e-018	1.e-003	1.75e-002	7.5033
658	5.e-004	1.e-003	1.7e-002	9.0966
659	1.7347e-018	1.e-003	1.85e-002	4.4347
660	5.e-004	1.e-003	1.8e-002	5.9796
661	5.e-004	1.e-003	1.9e-002	3.0085
662	0.	1.e-003	1.95e-002	1.6249
663	1.e-003	1.e-003	1.5e-003	39.695
664	1.e-003	1.e-003	5.e-004	39.944
665	1.5e-003	1.e-003	1.e-003	39.803
666	1.e-003	1.e-003	2.5e-003	39.2
667	1.5e-003	1.e-003	2.e-003	39.432
668	1.e-003	1.e-003	3.5e-003	38.461
669	1.5e-003	1.e-003	3.e-003	38.815
670	1.e-003	1.e-003	4.5e-003	37.482
671	1.5e-003	1.e-003	4.e-003	37.957
672	1.e-003	1.e-003	5.5e-003	36.271
673	1.5e-003	1.e-003	5.e-003	36.864
674	1.e-003	1.e-003	6.5e-003	34.834
675	1.5e-003	1.e-003	6.e-003	35.541
676	1.e-003	1.e-003	7.5e-003	33.18
677	1.5e-003	1.e-003	7.e-003	33.998
678	1.e-003	1.e-003	8.5e-003	31.321
679	1.5e-003	1.e-003	8.e-003	32.244
680	1.e-003	1.e-003	9.5e-003	29.267
681	1.5e-003	1.e-003	9.e-003	30.289
682	1.e-003	1.e-003	1.05e-002	27.031
683	1.5e-003	1.e-003	1.e-002	28.147
684	1.e-003	1.e-003	1.15e-002	24.628
685	1.5e-003	1.e-003	1.1e-002	25.832
686	1.e-003	1.e-003	1.25e-002	22.073
687	1.5e-003	1.e-003	1.2e-002	23.357
688	1.e-003	1.e-003	1.35e-002	19.382
689	1.5e-003	1.e-003	1.3e-002	20.739
690	1.e-003	1.e-003	1.45e-002	16.573
691	1.5e-003	1.e-003	1.4e-002	17.995
692	1.e-003	1.e-003	1.55e-002	13.664
693	1.5e-003	1.e-003	1.5e-002	15.147
694	1.e-003	1.e-003	1.65e-002	10.677
695	1.5e-003	1.e-003	1.6e-002	12.218
696	1.e-003	1.e-003	1.75e-002	7.6184
697	1.5e-003	1.e-003	1.7e-002	9.2442
698	1.e-003	1.e-003	1.85e-002	4.5968
699	1.5e-003	1.e-003	1.8e-002	6.2641
700	1.e-003	1.e-003	1.95e-002	1.6584
701	1.5e-003	1.e-003	1.9e-002	3.2941
702	1.e-003	-1.e-003	1.85e-002	4.5968
703	5.e-004	-1.e-003	1.9e-002	3.0085
704	1.5e-003	-1.e-003	1.9e-002	3.2941
705	1.e-003	-1.e-003	1.95e-002	1.6584
706	1.e-003	-1.e-003	1.75e-002	7.6184
707	5.e-004	-1.e-003	1.8e-002	5.9796
708	1.5e-003	-1.e-003	1.8e-002	6.2641
709	1.e-003	-1.e-003	1.65e-002	10.677
710	5.e-004	-1.e-003	1.7e-002	9.0966
711	1.5e-003	-1.e-003	1.7e-002	9.2442
712	1.e-003	-1.e-003	1.55e-002	13.664
713	5.e-004	-1.e-003	1.6e-002	12.15
714	1.5e-003	-1.e-003	1.6e-002	12.218
715	1.e-003	-1.e-003	1.45e-002	16.573
716	5.e-004	-1.e-003	1.5e-002	15.119
717	1.5e-003	-1.e-003	1.5e-002	15.147
718	1.e-003	-1.e-003	1.35e-002	19.382
719	5.e-004	-1.e-003	1.4e-002	17.988
720	1.5e-003	-1.e-003	1.4e-002	17.995
721	1.e-003	-1.e-003	1.25e-002	22.073
722	5.e-004	-1.e-003	1.3e-002	20.746
723	1.5e-003	-1.e-003	1.3e-002	20.739
724	1.e-003	-1.e-003	1.15e-002	24.628
725	5.e-004	-1.e-003	1.2e-002	23.375
726	1.5e-003	-1.e-003	1.2e-002	23.357
727	1.e-003	-1.e-003	1.05e-002	27.031
728	5.e-004	-1.e-003	1.1e-002	25.86
729	1.5e-003	-1.e-003	1.1e-002	25.832
730	1.e-003	-1.e-003	9.5e-003	29.267
731	5.e-004	-1.e-003	1.e-002	28.184
732	1.5e-003	-1.e-003	1.e-002	28.147
733	1.e-003	-1.e-003	8.5e-003	31.321
734	5.e-004	-1.e-003	9.e-003	30.334
735	1.5e-003	-1.e-003	9.e-003	30.289
736	1.e-003	-1.e-003	7.5e-003	33.18
737	5.e-004	-1.e-003	8.e-003	32.295
738	1.5e-003	-1.e-003	8.e-003	32.244
739	1.e-003	-1.e-003	6.5e-003	34.834
740	5.e-004	-1.e-003	7.e-003	34.055
741	1.5e-003	-1.e-003	7.e-003	33.998
742	1.e-003	-1.e-003	5.5e-003	36.271
743	5.e-004	-1.e-003	6.e-003	35.603
744	1.5e-003	-1.e-003	6.e-003	35.541
745	1.e-003	-1.e-003	4.5e-003	37.482
746	5.e-004	-1.e-003	5.e-003	36.93
747	1.5e-003	-1.e-003	5.e-003	36.864
748	1.e-003	-1.e-003	3.5e-003	38.461
749	5.e-004	-1.e-003	4.e-003	38.027
750	1.5e-003	-1.e-003	4.e-003	37.957
751	1.e-003	-1.e-003	2.5e-003	39.2
752	5.e-004	-1.e-003	3.e-003	38.888
753	1.5e-003	-1.e-003	3.e-003	38.815
754	1.e-003	-1.e-003	1.5e-003	39.695
755	5.e-004	-1.e-003	2.e-003	39.506
756	1.5e-003	-1.e-003	2.e-003	39.432
757	5.e-004	-1.e-003	1.e-003	39.879
758	1.5e-003	-1.e-003	1.e-003	39.803
759	1.e-003	-1.e-003	5.e-004	39.944
760	0.	-1.e-003	1.85e-002	4.4347
761	-5.e-004	-1.e-003	1.9e-002	3.0085
762	0.	-1.e-003	1.95e-002	1.6249
763	0.	-1.e-003	1.75e-002	7.5033
764	-5.e-004	-1.e-003	1.8e-002	5.9796
765	0.	-1.e-003	1.65e-002	10.62
766	-5.e-004	-1.e-003	1.7e-002	9.0966
767	0.	-1.e-003	1.55e-002	13.638
768	-5.e-004	-1.e-003	1.6e-002	12.15
769	0.	-1.e-003	1.45e-002	16.564
770	-5.e-004	-1.e-003	1.5e-002	15.119
771	0.	-1.e-003	1.35e-002	19.382
772	-5.e-004	-1.e-003	1.4e-002	17.988
773	0.	-1.e-003	1.25e-002	22.08
774	-5.e-004	-1.e-003	1.3e-002	20.746
775	0.	-1.e-003	1.15e-002	24.64
776	-5.e-004	-1.e-003	1.2e-002	23.375
777	0.	-1.e-003	1.05e-002	27.047
778	-5.e-004	-1.e-003	1.1e-002	25.86
779	0.	-1.e-003	9.5e-003	29.287
780	-5.e-004	-1.e-003	1.e-002	28.184
781	0.	-1.e-003	8.5e-003	31.345
782	-5.e-004	-1.e-003	9.e-003	30.334
783	0.	-1.e-003	7.5e-003	33.207
784	-5.e-004	-1.e-003	8.e-003	32.295
785	0.	-1.e-003	6.5e-003	34.864
786	-5.e-004	-1.e-003	7.e-003	34.055
787	0.	-1.e-003	5.5e-003	36.303
788	-5.e-004	-1.e-003	6.e-003	35.603
789	0.	-1.e-003	4.5e-003	37.516
790	-5.e-004	-1.e-003	5.e-003	36.93
791	0.	-1.e-003	3.5e-003	38.496
792	-5.e-004	-1.e-003	4.e-003	38.027
793	0.	-1.e-003	2.5e-003	39.237
794	-5.e-004	-1.e-003	3.e-003	38.888
795	0.	-1.e-003	1.5e-003	39.733
796	-5.e-004	-1.e-003	2.e-003	39.506
797	-5.e-004	-1.e-003	1.e-003	39.879
798	0.	-1.e-003	5.e-004	39.982
799	-1.e-003	-1.e-003	1.85e-002	4.5968
800	-1.5e-003	-1.e-003	1.9e-002	3.2941
801	-1.e-003	-1.e-003	1.95e-002	1.6584
802	-1.e-003	-1.e-003	1.75e-002	7.6184
803	-1.5e-003	-1.e-003	1.8e-002	6.2641
804	-1.e-003	-1.e-003	1.65e-002	10.677
805	-1.5e-003	-1.e-003	1.7e-002	9.2442
806	-1.e-003	-1.e-003	1.55e-002	13.664
807	-1.5e-003	-1.e-003	1.6e-002	12.218
808	-1.e-003	-1.e-003	1.45e-002	16.573
809	-1.5e-003	-1.e-003	1.5e-002	15.147
810	-1.e-003	-1.e-003	1.35e-002	19.382
811	-1.5e-003	-1.e-003	1.4e-002	17.995
812	-1.e-003	-1.e-003	1.25e-002	22.073
813	-1.5e-003	-1.e-003	1.3e-002	20.739
814	-1.e-003	-1.e-003	1.15e-002	24.628
815	-1.5e-003	-1.e-003	1.2e-002	23.357
816	-1.e-003	-1.e-003	1.05e-002	27.031
817	-1.5e-003	-1.e-003	1.1e-002	25.832
818	-1.e-003	-1.e-003	9.5e-003	29.267
819	-1.5e-003	-1.e-003	1.e-002	28.147
820	-1.e-003	-1.e-003	8.5e-003	31.321
821	-1.5e-003	-1.e-003	9.e-003	30.289
822	-1.e-003	-1.e-003	7.5e-003	33.18
823	-1.5e-003	-1.e-003	8.e-003	32.244
824	-1.e-003	-1.e-003	6.5e-003	34.834
825	-1.5e-003	-1.e-003	7.e-003	33.998
826	-1.e-003	-1.e-003	5.5e-003	36.271
827	-1.5e-003	-1.e-003	6.e-003	35.541
828	-1.e-003	-1.e-003	4.5e-003	37.482
829	-1.5e-003	-1.e-003	5.e-003	36.864
830	-1.e-003	-1.e-003	3.5e-003	38.461
831	-1.5e-003	-1.e-003	4.e-003	37.957
832	-1.e-003	-1.e-003	2.5e-003	39.2
833	-1.5e-003	-1.e-003	3.e-003	38.815
834	-1.e-003	-1.e-003	1.5e-003	39.695
835	-1.5e-003	-1.e-003	2.e-003	39.432
836	-1.5e-003	-1.e-003	1.e-003	39.803
837	-1.e-003	-1.e-003	5.e-004	39.944
838	2.e-003	-1.e-003	1.85e-002	5.1003
839	2.e-003	-1.e-003	1.95e-002	2.2005
840	2.e-003	-5.e-004	1.9e-002	3.5508
841	2.e-003	-1.e-003	1.75e-002	7.874
842	2.e-003	-5.e-004	1.8e-002	6.3956
843	2.e-003	-1.e-003	1.65e-002	10.796
844	2.e-003	-5.e-004	1.7e-002	9.2999
845	2.e-003	-1.e-003	1.55e-002	13.719
846	2.e-003	-5.e-004	1.6e-002	12.242
847	2.e-003	-1.e-003	1.45e-002	16.594
848	2.e-003	-5.e-004	1.5e-002	15.156
849	2.e-003	-1.e-003	1.35e-002	19.38
850	2.e-003	-5.e-004	1.4e-002	17.997
851	2.e-003	-1.e-003	1.25e-002	22.053
852	2.e-003	-5.e-004	1.3e-002	20.735
853	2.e-003	-1.e-003	1.15e-002	24.592
854	2.e-003	-5.e-004	1.2e-002	23.347
855	2.e-003	-1.e-003	1.05e-002	26.982
856	2.e-003	-5.e-004	1.1e-002	25.817
857	2.e-003	-1.e-003	9.5e-003	29.205
858	2.e-003	-5.e-004	1.e-002	28.129
859	2.e-003	-1.e-003	8.5e-003	31.249
860	2.e-003	-5.e-004	9.e-003	30.267
861	2.e-003	-1.e-003	7.5e-003	33.099
862	2.e-003	-5.e-004	8.e-003	32.218
863	2.e-003	-1.e-003	6.5e-003	34.745
864	2.e-003	-5.e-004	7.e-003	33.969
865	2.e-003	-1.e-003	5.5e-003	36.175
866	2.e-003	-5.e-004	6.e-003	35.51
867	2.e-003	-1.e-003	4.5e-003	37.38
868	2.e-003	-5.e-004	5.e-003	36.831
869	2.e-003	-1.e-003	3.5e-003	38.354
870	2.e-003	-5.e-004	4.e-003	37.923
871	2.e-003	-1.e-003	2.5e-003	39.09
872	2.e-003	-5.e-004	3.e-003	38.779
873	2.e-003	-1.e-003	1.5e-003	39.583
874	2.e-003	-5.e-004	2.e-003	39.395
875	2.e-003	-1.e-003	5.e-004	39.83
876	2.e-003	-5.e-004	1.e-003	39.766
877	-2.e-003	-1.e-003	1.85e-002	5.1003
878	-2.e-003	-1.e-003	1.95e-002	2.2005
879	-2.e-003	-5.e-004	1.9e-002	3.5508
880	-2.e-003	-1.e-003	1.75e-002	7.874
881	-2.e-003	-5.e-004	1.8e-002	6.3956
882	-2.e-003	-1.e-003	1.65e-002	10.796
883	-2.e-003	-5.e-004	1.7e-002	9.2999
884	-2.e-003	-1.e-003	1.55e-002	13.719
885	-2.e-003	-5.e-004	1.6e-002	12.242
886	-2.e-003	-1.e-003	1.45e-002	16.594
887	-2.e-003	-5.e-004	1.5e-002	15.156
888	-2.e-003	-1.e-003	1.35e-002	19.38
889	-2.e-003	-5.e-004	1.4e-002	17.997
890	-2.e-003	-1.e-003	1.25e-002	22.053
891	-2.e-003	-5.e-004	1.3e-002	20.735
892	-2.e-003	-1.e-003	1.15e-002	24.592
893	-2.e-003	-5.e-004	1.2e-002	23.347
894	-2.e-003	-1.e-003	1.05e-002	26.982
895	-2.e-003	-5.e-004	1.1e-002	25.817
896	-2.e-003	-1.e-003	9.5e-003	29.205
897	-2.e-003	-5.e-004	1.e-002	28.129
898	-2.e-003	-1.e-003	8.5e-003	31.249
899	-2.e-003	-5.e-004	9.e-003	30.267
900	-2.e-003	-1.e-003	7.5e-003	33.099
901	-2.e-003	-5.e-004	8.e-003	32.218
902	-2.e-003	-1.e-003	6.5e-003	34.745
903	-2.e-003	-5.e-004	7.e-003	33.969
904	-2.e-003	-1.e-003	5.5e-003	36.175
905	-2.e-003	-5.e-004	6.e-003	35.51
906	-2.e-003	-1.e-003	4.5e-003	37.38
907	-2.e-003	-5.e-004	5.e-003	36.831
908	-2.e-003	-1.e-003	3.5e-003	38.354
909	-2.e-003	-5.e-004	4.e-003	37.923
910	-2.e-003	-1.e-003	2.5e-003	39.09
911	-2.e-003	-5.e-004	3.e-003	38.779
912	-2.e-003	-1.e-003	1.5e-003	39.583
913	-2.e-003	-5.e-004	2.e-003	39.395
914	-2.e-003	-1.e-003	5.e-004	39.83
915	-2.e-003	-5.e-004	1.e-003	39.766
916	1.5e-003	-1.e-003	2.e-002	0.
917	2.e-003	-5.e-004	2.e-002	0.
918	5.e-004	-1.e-003	2.e-002	0.
919	1.e-003	-5.e-004	2.e-002	0.
920	-5.e-004	-1.e-003	2.e-002	0.
921	0.	-5.e-004	2.e-002	0.
922	-1.5e-003	-1.e-003	2.e-002	0.
923	-1.e-003	-5.e-004	2.e-002	0.
924	-2.e-003	-5.e-004	2.e-002	0.
925	1.5e-003	-1.e-003	0.	39.927
926	2.e-003	-5.e-004	0.	39.889
927	5.e-004	-1.e-003	0.	40.003
928	1.e-003	-5.e-004	0.	40.003
929	-5.e-004	-1.e-003	0.	40.003
930	0.	-5.e-004	0.	40.041
931	-1.5e-003	-1.e-003	0.	39.927
932	-1.e-003	-5.e-004	0.	40.003
933	-2.e-003	-5.e-004	0.	39.889
934	5.e-004	0.	0.	40.041
935	1.e-003	5.e-004	0.	40.003
936	1.5e-003	0.	0.	39.965
937	-5.e-004	0.	0.	40.041
938	0.	5.e-004	0.	40.041
939	-1.e-003	5.e-004	0.	40.003
940	-1.5e-003	0.	0.	39.965
941	5.e-004	1.e-003	0.	40.003
942	1.5e-003	1.e-003	0.	39.927
943	-5.e-004	1.e-003	0.	40.003
944	-1.5e-003	1.e-003	0.	39.927
945	2.e-003	5.e-004	0.	39.889
946	2.e-003	1.e-003	5.e-004	39.83
947	2.e-003	0.	5.e-004	39.868
948	-2.e-003	5.e-004	0.	39.889
949	-2.e-003	0.	5.e-004	39.868
950	-2.e-003	1.e-003	5.e-004	39.83
951	5.e-004	0.	2.e-002	0.
952	1.e-003	5.e-004	2.e-002	0.
953	1.5e-003	0.	2.e-002	0.
954	-5.e-004	0.	2.e-002	0.
955	0.	5.e-004	2.e-002	0.
956	-1.e-003	5.e-004	2.e-002	0.
957	-1.5e-003	0.	2.e-002	0.
958	5.e-004	1.e-003	2.e-002	0.
959	1.5e-003	1.e-003	2.e-002	0.
960	-5.e-004	1.e-003	2.e-002	0.
961	-1.5e-003	1.e-003	2.e-002	0.
962	2.e-003	5.e-004	2.e-002	0.
963	2.e-003	1.e-003	1.95e-002	2.2005
964	2.e-003	0.	1.95e-002	1.8994
965	-2.e-003	5.e-004	2.e-002	0.
966	-2.e-003	0.	1.95e-002	1.8994
967	-2.e-003	1.e-003	1.95e-002	2.2005
968	-2.e-003	0.	1.85e-002	4.9789
969	-2.e-003	5.e-004	1.9e-002	3.5508
970	-2.e-003	0.	1.75e-002	7.8242
971	-2.e-003	5.e-004	1.8e-002	6.3956
972	-2.e-003	0.	1.65e-002	10.766
973	-2.e-003	5.e-004	1.7e-002	9.2999
974	-2.e-003	0.	1.55e-002	13.701
975	-2.e-003	5.e-004	1.6e-002	12.242
976	-2.e-003	0.	1.45e-002	16.586
977	-2.e-003	5.e-004	1.5e-002	15.156
978	-2.e-003	0.	1.35e-002	19.38
979	-2.e-003	5.e-004	1.4e-002	17.997
980	-2.e-003	0.	1.25e-002	22.059
981	-2.e-003	5.e-004	1.3e-002	20.735
982	-2.e-003	0.	1.15e-002	24.604
983	-2.e-003	5.e-004	1.2e-002	23.347
984	-2.e-003	0.	1.05e-002	26.998
985	-2.e-003	5.e-004	1.1e-002	25.817
986	-2.e-003	0.	9.5e-003	29.226
987	-2.e-003	5.e-004	1.e-002	28.129
988	-2.e-003	0.	8.5e-003	31.273
989	-2.e-003	5.e-004	9.e-003	30.267
990	-2.e-003	0.	7.5e-003	33.126
991	-2.e-003	5.e-004	8.e-003	32.218
992	-2.e-003	0.	6.5e-003	34.774
993	-2.e-003	5.e-004	7.e-003	33.969
994	-2.e-003	0.	5.5e-003	36.206
995	-2.e-003	5.e-004	6.e-003	35.51
996	-2.e-003	0.	4.5e-003	37.414
997	-2.e-003	5.e-004	5.e-003	36.831
998	-2.e-003	0.	3.5e-003	38.389
999	-2.e-003	5.e-004	4.e-003	37.923
1000	-2.e-003	0.	2.5e-003	39.126
1001	-2.e-003	5.e-004	3.e-003	38.779
1002	-2.e-003	0.	1.5e-003	39.62
1003	-2.e-003	5.e-004	2.e-003	39.395
1004	-2.e-003	5.e-004	1.e-003	39.766
1005	-2.e-003	1.e-003	1.5e-003	39.583
1006	-2.e-003	1.e-003	2.5e-003	39.09
1007	-2.e-003	1.e-003	3.5e-003	38.354
1008	-2.e-003	1.e-003	4.5e-003	37.38
1009	-2.e-003	1.e-003	5.5e-003	36.175
1010	-2.e-003	1.e-003	6.5e-003	34.745
1011	-2.e-003	1.e-003	7.5e-003	33.099
1012	-2.e-003	1.e-003	8.5e-003	31.249
1013	-2.e-003	1.e-003	9.5e-003	29.205
1014	-2.e-003	1.e-003	1.05e-002	26.982
1015	-2.e-003	1.e-003	1.15e-002	24.592
1016	-2.e-003	1.e-003	1.25e-002	22.053
1017	-2.e-003	1.e-003	1.35e-002	19.38
1018	-2.e-003	1.e-003	1.45e-002	16.594
1019	-2.e-003	1.e-003	1.55e-002	13.719
1020	-2.e-003	1.e-003	1.65e-002	10.796
1021	-2.e-003	1.e-003	1.75e-002	7.874
1022	-2.e-003	1.e-003	1.85e-002	5.1003
1023	2.e-003	0.	1.85e-002	4.9789
1024	2.e-003	5.e-004	1.9e-002	3.5508
1025	2.e-003	0.	1.75e-002	7.8242
1026	2.e-003	5.e-004	1.8e-002	6.3956
1027	2.e-003	0.	1.65e-002	10.766
1028	2.e-003	5.e-004	1.7e-002	9.2999
1029	2.e-003	0.	1.55e-002	13.701
1030	2.e-003	5.e-004	1.6e-002	12.242
1031	2.e-003	0.	1.45e-002	16.586
1032	2.e-003	5.e-004	1.5e-002	15.156
1033	2.e-003	0.	1.35e-002	19.38
1034	2.e-003	5.e-004	1.4e-002	17.997
1035	2.e-003	0.	1.25e-002	22.059
1036	2.e-003	5.e-004	1.3e-002	20.735
1037	2.e-003	0.	1.15e-002	24.604
1038	2.e-003	5.e-004	1.2e-002	23.347
1039	2.e-003	0.	1.05e-002	26.998
1040	2.e-003	5.e-004	1.1e-002	25.817
1041	2.e-003	0.	9.5e-003	29.226
1042	2.e-003	5.e-004	1.e-002	28.129
1043	2.e-003	0.	8.5e-003	31.273
1044	2.e-003	5.e-004	9.e-003	30.267
1045	2.e-003	0.	7.5e-003	33.126
1046	2.e-003	5.e-004	8.e-003	32.218
1047	2.e-003	0.	6.5e-003	34.774
1048	2.e-003	5.e-004	7.e-003	33.969
1049	2.e-003	0.	5.5e-003	36.206
1050	2.e-003	5.e-004	6.e-003	35.51
1051	2.e-003	0.	4.5e-003	37.414
1052	2.e-003	5.e-004	5.e-003	36.831
1053	2.e-003	0.	3.5e-003	38.389
1054	2.e-003	5.e-004	4.e-003	37.923
1055	2.e-003	0.	2.5e-003	39.126
1056	2.e-003	5.e-004	3.e-003	38.779
1057	2.e-003	0.	1.5e-003	39.62
1058	2.e-003	5.e-004	2.e-003	39.395
1059	2.e-003	5.e-004	1.e-003	39.766
1060	2.e-003	1.e-003	1.5e-003	39.583
1061	2.e-003	1.e-003	2.5e-003	39.09
1062	2.e-003	1.e-003	3.5e-003	38.354
1063	2.e-003	1.e-003	4.5e-003	37.38
1064	2.e-003	1.e-003	5.5e-003	36.175
1065	2.e-003	1.e-003	6.5e-003	34.745
1066	2.e-003	1.e-003	7.5e-003	33.099
1067	2.e-003	1.e-003	8.5e-003	31.249
1068	2.e-003	1.e-003	9.5e-003	29.205
1069	2.e-003	1.e-003	1.05e-002	26.982
1070	2.e-003	1.e-003	1.15e-002	24.592
1071	2.e-003	1.e-003	1.25e-002	22.053
1072	2.e-003	1.e-003	1.35e-002	19.38
1073	2.e-003	1.e-003	1.45e-002	16.594
1074	2.e-003	1.e-003	1.55e-002	13.719
1075	2.e-003	1.e-003	1.65e-002	10.796
1076	2.e-003	1.e-003	1.75e-002	7.874
1077	2.e-003	1.e-003	1.85e-002	5.1003
