Node Number	X Location (m)	Y Location (m)	Z Location (m)	Total Deformation (m)
1	1.e-003	0.	1.9e-002	0.53306
2	1.e-003	0.	1.8e-002	1.3883
3	1.e-003	0.	1.7e-002	2.6075
4	1.e-003	0.	1.6e-002	4.1758
5	1.e-003	0.	1.5e-002	6.079
6	1.e-003	0.	1.4e-002	8.2888
7	1.e-003	0.	1.3e-002	10.775
8	1.e-003	0.	1.2e-002	13.508
9	1.e-003	0.	1.1e-002	16.456
10	1.e-003	0.	1.e-002	19.59
11	1.e-003	0.	9.e-003	22.882
12	1.e-003	0.	8.e-003	26.302
13	1.e-003	0.	7.e-003	29.826
14	1.e-003	0.	6.e-003	33.429
15	1.e-003	0.	5.e-003	37.089
16	1.e-003	0.	4.e-003	40.786
17	1.e-003	0.	3.e-003	44.504
18	1.e-003	0.	2.e-003	48.228
19	1.e-003	0.	1.e-003	51.948
20	0.	0.	1.9e-002	0.26906
21	1.7347e-018	0.	1.8e-002	1.0501
22	0.	0.	1.7e-002	2.2413
23	0.	0.	1.6e-002	3.808
24	0.	0.	1.5e-002	5.7196
25	0.	0.	1.4e-002	7.9431
26	0.	0.	1.3e-002	10.446
27	0.	0.	1.2e-002	13.197
28	0.	0.	1.1e-002	16.164
29	-1.0842e-018	0.	1.e-002	19.318
30	0.	0.	9.e-003	22.628
31	0.	0.	8.e-003	26.067
32	0.	0.	7.e-003	29.608
33	4.3368e-019	0.	6.e-003	33.228
34	0.	0.	5.e-003	36.904
35	-2.1684e-019	0.	4.e-003	40.616
36	0.	0.	3.e-003	44.347
37	0.	0.	2.e-003	48.084
38	0.	0.	1.e-003	51.814
39	-1.e-003	0.	1.9e-002	0.53306
40	-1.e-003	0.	1.8e-002	1.3883
41	-1.e-003	0.	1.7e-002	2.6075
42	-1.e-003	0.	1.6e-002	4.1758
43	-1.e-003	0.	1.5e-002	6.079
44	-1.e-003	0.	1.4e-002	8.2888
45	-1.e-003	0.	1.3e-002	10.775
46	-1.e-003	0.	1.2e-002	13.508
47	-1.e-003	0.	1.1e-002	16.456
48	-1.e-003	0.	1.e-002	19.59
49	-1.e-003	0.	9.e-003	22.882
50	-1.e-003	0.	8.e-003	26.302
51	-1.e-003	0.	7.e-003	29.826
52	-1.e-003	0.	6.e-003	33.429
53	-1.e-003	0.	5.e-003	37.089
54	-1.e-003	0.	4.e-003	40.786
55	-1.e-003	0.	3.e-003	44.504
56	-1.e-003	0.	2.e-003	48.228
57	-1.e-003	0.	1.e-003	51.948
58	-1.e-003	1.e-003	1.e-003	51.948
59	-1.e-003	1.e-003	2.e-003	48.227
60	-1.e-003	1.e-003	3.e-003	44.501
61	-1.e-003	1.e-003	4.e-003	40.781
62	-1.e-003	1.e-003	5.e-003	37.082
63	-1.e-003	1.e-003	6.e-003	33.419
64	-1.e-003	1.e-003	7.e-003	29.813
65	-1.e-003	1.e-003	8.e-003	26.285
66	-1.e-003	1.e-003	9.e-003	22.861
67	-1.e-003	1.e-003	1.e-002	19.566
68	-1.e-003	1.e-003	1.1e-002	16.428
69	-1.e-003	1.e-003	1.2e-002	13.475
70	-1.e-003	1.e-003	1.3e-002	10.738
71	-1.e-003	1.e-003	1.4e-002	8.2473
72	-1.e-003	1.e-003	1.5e-002	6.0337
73	-1.e-003	1.e-003	1.6e-002	4.1275
74	-1.e-003	1.e-003	1.7e-002	2.5579
75	-1.e-003	1.e-003	1.8e-002	1.3453
76	-1.e-003	1.e-003	1.9e-002	0.52241
77	0.	1.e-003	1.e-003	51.814
78	0.	1.e-003	2.e-003	48.082
79	0.	1.e-003	3.e-003	44.344
80	-4.3368e-019	1.e-003	4.e-003	40.611
81	0.	1.e-003	5.e-003	36.897
82	8.6736e-019	1.e-003	6.e-003	33.218
83	0.	1.e-003	7.e-003	29.595
84	0.	1.e-003	8.e-003	26.05
85	0.	1.e-003	9.e-003	22.607
86	-2.1684e-018	1.e-003	1.e-002	19.293
87	0.	1.e-003	1.1e-002	16.136
88	0.	1.e-003	1.2e-002	13.164
89	0.	1.e-003	1.3e-002	10.409
90	0.	1.e-003	1.4e-002	7.9008
91	0.	1.e-003	1.5e-002	5.6725
92	0.	1.e-003	1.6e-002	3.7561
93	0.	1.e-003	1.7e-002	2.1844
94	3.4694e-018	1.e-003	1.8e-002	0.98838
95	0.	1.e-003	1.9e-002	0.21273
96	1.e-003	1.e-003	1.e-003	51.948
97	1.e-003	1.e-003	2.e-003	48.227
98	1.e-003	1.e-003	3.e-003	44.501
99	1.e-003	1.e-003	4.e-003	40.781
100	1.e-003	1.e-003	5.e-003	37.082
101	1.e-003	1.e-003	6.e-003	33.419
102	1.e-003	1.e-003	7.e-003	29.813
103	1.e-003	1.e-003	8.e-003	26.285
104	1.e-003	1.e-003	9.e-003	22.861
105	1.e-003	1.e-003	1.e-002	19.566
106	1.e-003	1.e-003	1.1e-002	16.428
107	1.e-003	1.e-003	1.2e-002	13.475
108	1.e-003	1.e-003	1.3e-002	10.738
109	1.e-003	1.e-003	1.4e-002	8.2473
110	1.e-003	1.e-003	1.5e-002	6.0337
111	1.e-003	1.e-003	1.6e-002	4.1275
112	1.e-003	1.e-003	1.7e-002	2.5579
113	1.e-003	1.e-003	1.8e-002	1.3453
114	1.e-003	1.e-003	1.9e-002	0.52241
115	1.e-003	-1.e-003	1.9e-002	0.52241
116	1.e-003	-1.e-003	1.8e-002	1.3453
117	1.e-003	-1.e-003	1.7e-002	2.5579
118	1.e-003	-1.e-003	1.6e-002	4.1275
119	1.e-003	-1.e-003	1.5e-002	6.0337
120	1.e-003	-1.e-003	1.4e-002	8.2473
121	1.e-003	-1.e-003	1.3e-002	10.738
122	1.e-003	-1.e-003	1.2e-002	13.475
123	1.e-003	-1.e-003	1.1e-002	16.428
124	1.e-003	-1.e-003	1.e-002	19.566
125	1.e-003	-1.e-003	9.e-003	22.861
126	1.e-003	-1.e-003	8.e-003	26.285
127	1.e-003	-1.e-003	7.e-003	29.813
128	1.e-003	-1.e-003	6.e-003	33.419
129	1.e-003	-1.e-003	5.e-003	37.082
130	1.e-003	-1.e-003	4.e-003	40.781
131	1.e-003	-1.e-003	3.e-003	44.501
132	1.e-003	-1.e-003	2.e-003	48.227
133	1.e-003	-1.e-003	1.e-003	51.948
134	0.	-1.e-003	1.9e-002	0.21273
135	0.	-1.e-003	1.8e-002	0.98838
136	0.	-1.e-003	1.7e-002	2.1844
137	0.	-1.e-003	1.6e-002	3.7561
138	0.	-1.e-003	1.5e-002	5.6725
139	0.	-1.e-003	1.4e-002	7.9008
140	0.	-1.e-003	1.3e-002	10.409
141	0.	-1.e-003	1.2e-002	13.164
142	0.	-1.e-003	1.1e-002	16.136
143	0.	-1.e-003	1.e-002	19.293
144	0.	-1.e-003	9.e-003	22.607
145	0.	-1.e-003	8.e-003	26.05
146	0.	-1.e-003	7.e-003	29.595
147	0.	-1.e-003	6.e-003	33.218
148	0.	-1.e-003	5.e-003	36.897
149	0.	-1.e-003	4.e-003	40.611
150	0.	-1.e-003	3.e-003	44.344
151	0.	-1.e-003	2.e-003	48.082
152	0.	-1.e-003	1.e-003	51.814
153	-1.e-003	-1.e-003	1.9e-002	0.52241
154	-1.e-003	-1.e-003	1.8e-002	1.3453
155	-1.e-003	-1.e-003	1.7e-002	2.5579
156	-1.e-003	-1.e-003	1.6e-002	4.1275
157	-1.e-003	-1.e-003	1.5e-002	6.0337
158	-1.e-003	-1.e-003	1.4e-002	8.2473
159	-1.e-003	-1.e-003	1.3e-002	10.738
160	-1.e-003	-1.e-003	1.2e-002	13.475
161	-1.e-003	-1.e-003	1.1e-002	16.428
162	-1.e-003	-1.e-003	1.e-002	19.566
163	-1.e-003	-1.e-003	9.e-003	22.861
164	-1.e-003	-1.e-003	8.e-003	26.285
165	-1.e-003	-1.e-003	7.e-003	29.813
166	-1.e-003	-1.e-003	6.e-003	33.419
167	-1.e-003	-1.e-003	5.e-003	37.082
168	-1.e-003	-1.e-003	4.e-003	40.781
169	-1.e-003	-1.e-003	3.e-003	44.501
170	-1.e-003	-1.e-003	2.e-003	48.227
171	-1.e-003	-1.e-003	1.e-003	51.948
172	2.e-003	-1.e-003	1.9e-002	1.0485
173	2.e-003	-1.e-003	1.8e-002	2.1489
174	2.e-003	-1.e-003	1.7e-002	3.5015
175	2.e-003	-1.e-003	1.6e-002	5.1312
176	2.e-003	-1.e-003	1.5e-002	7.0488
177	2.e-003	-1.e-003	1.4e-002	9.2449
178	2.e-003	-1.e-003	1.3e-002	11.701
179	2.e-003	-1.e-003	1.2e-002	14.394
180	2.e-003	-1.e-003	1.1e-002	17.296
181	2.e-003	-1.e-003	1.e-002	20.381
182	2.e-003	-1.e-003	9.e-003	23.622
183	2.e-003	-1.e-003	8.e-003	26.992
184	2.e-003	-1.e-003	7.e-003	30.466
185	2.e-003	-1.e-003	6.e-003	34.021
186	2.e-003	-1.e-003	5.e-003	37.636
187	2.e-003	-1.e-003	4.e-003	41.291
188	2.e-003	-1.e-003	3.e-003	44.97
189	2.e-003	-1.e-003	2.e-003	48.658
190	2.e-003	-1.e-003	1.e-003	52.347
191	-2.e-003	-1.e-003	1.9e-002	1.0485
192	-2.e-003	-1.e-003	1.8e-002	2.1489
193	-2.e-003	-1.e-003	1.7e-002	3.5015
194	-2.e-003	-1.e-003	1.6e-002	5.1312
195	-2.e-003	-1.e-003	1.5e-002	7.0488
196	-2.e-003	-1.e-003	1.4e-002	9.2449
197	-2.e-003	-1.e-003	1.3e-002	11.701
198	-2.e-003	-1.e-003	1.2e-002	14.394
199	-2.e-003	-1.e-003	1.1e-002	17.296
200	-2.e-003	-1.e-003	1.e-002	20.381
201	-2.e-003	-1.e-003	9.e-003	23.622
202	-2.e-003	-1.e-003	8.e-003	26.992
203	-2.e-003	-1.e-003	7.e-003	30.466
204	-2.e-003	-1.e-003	6.e-003	34.021
205	-2.e-003	-1.e-003	5.e-003	37.636
206	-2.e-003	-1.e-003	4.e-003	41.291
207	-2.e-003	-1.e-003	3.e-003	44.97
208	-2.e-003	-1.e-003	2.e-003	48.658
209	-2.e-003	-1.e-003	1.e-003	52.347
210	2.e-003	-1.e-003	2.e-002	0.
211	1.e-003	-1.e-003	2.e-002	0.
212	0.	-1.e-003	2.e-002	0.
213	-1.e-003	-1.e-003	2.e-002	0.
214	-2.e-003	-1.e-003	2.e-002	0.
215	2.e-003	-1.e-003	0.	56.03
216	1.e-003	-1.e-003	0.	55.657
217	0.	-1.e-003	0.	55.531
218	-1.e-003	-1.e-003	0.	55.657
219	-2.e-003	-1.e-003	0.	56.03
220	1.e-003	0.	0.	55.657
221	0.	0.	0.	55.531
222	-1.e-003	0.	0.	55.657
223	1.e-003	1.e-003	0.	55.657
224	0.	1.e-003	0.	55.531
225	-1.e-003	1.e-003	0.	55.657
226	2.e-003	1.e-003	0.	56.03
227	2.e-003	0.	0.	56.03
228	-2.e-003	0.	0.	56.03
229	-2.e-003	1.e-003	0.	56.03
230	1.e-003	0.	2.e-002	0.
231	0.	0.	2.e-002	0.
232	-1.e-003	0.	2.e-002	0.
233	1.e-003	1.e-003	2.e-002	0.
234	0.	1.e-003	2.e-002	0.
235	-1.e-003	1.e-003	2.e-002	0.
236	2.e-003	1.e-003	2.e-002	0.
237	2.e-003	0.	2.e-002	0.
238	-2.e-003	0.	2.e-002	0.
239	-2.e-003	1.e-003	2.e-002	0.
240	-2.e-003	0.	1.9e-002	1.0495
241	-2.e-003	0.	1.8e-002	2.1724
242	-2.e-003	0.	1.7e-002	3.539
243	-2.e-003	0.	1.6e-002	5.1715
244	-2.e-003	0.	1.5e-002	7.0892
245	-2.e-003	0.	1.4e-002	9.2835
246	-2.e-003	0.	1.3e-002	11.737
247	-2.e-003	0.	1.2e-002	14.426
248	-2.e-003	0.	1.1e-002	17.324
249	-2.e-003	0.	1.e-002	20.405
250	-2.e-003	0.	9.e-003	23.642
251	-2.e-003	0.	8.e-003	27.009
252	-2.e-003	0.	7.e-003	30.48
253	-2.e-003	0.	6.e-003	34.032
254	-2.e-003	0.	5.e-003	37.643
255	-2.e-003	0.	4.e-003	41.296
256	-2.e-003	0.	3.e-003	44.972
257	-2.e-003	0.	2.e-003	48.659
258	-2.e-003	0.	1.e-003	52.347
259	-2.e-003	1.e-003	1.e-003	52.347
260	-2.e-003	1.e-003	2.e-003	48.658
261	-2.e-003	1.e-003	3.e-003	44.97
262	-2.e-003	1.e-003	4.e-003	41.291
263	-2.e-003	1.e-003	5.e-003	37.636
264	-2.e-003	1.e-003	6.e-003	34.021
265	-2.e-003	1.e-003	7.e-003	30.466
266	-2.e-003	1.e-003	8.e-003	26.992
267	-2.e-003	1.e-003	9.e-003	23.622
268	-2.e-003	1.e-003	1.e-002	20.381
269	-2.e-003	1.e-003	1.1e-002	17.296
270	-2.e-003	1.e-003	1.2e-002	14.394
271	-2.e-003	1.e-003	1.3e-002	11.701
272	-2.e-003	1.e-003	1.4e-002	9.2449
273	-2.e-003	1.e-003	1.5e-002	7.0488
274	-2.e-003	1.e-003	1.6e-002	5.1312
275	-2.e-003	1.e-003	1.7e-002	3.5015
276	-2.e-003	1.e-003	1.8e-002	2.1489
277	-2.e-003	1.e-003	1.9e-002	1.0485
278	2.e-003	0.	1.9e-002	1.0495
279	2.e-003	0.	1.8e-002	2.1724
280	2.e-003	0.	1.7e-002	3.539
281	2.e-003	0.	1.6e-002	5.1715
282	2.e-003	0.	1.5e-002	7.0892
283	2.e-003	0.	1.4e-002	9.2835
284	2.e-003	0.	1.3e-002	11.737
285	2.e-003	0.	1.2e-002	14.426
286	2.e-003	0.	1.1e-002	17.324
287	2.e-003	0.	1.e-002	20.405
288	2.e-003	0.	9.e-003	23.642
289	2.e-003	0.	8.e-003	27.009
290	2.e-003	0.	7.e-003	30.48
291	2.e-003	0.	6.e-003	34.032
292	2.e-003	0.	5.e-003	37.643
293	2.e-003	0.	4.e-003	41.296
294	2.e-003	0.	3.e-003	44.972
295	2.e-003	0.	2.e-003	48.659
296	2.e-003	0.	1.e-003	52.347
297	2.e-003	1.e-003	1.e-003	52.347
298	2.e-003	1.e-003	2.e-003	48.658
299	2.e-003	1.e-003	3.e-003	44.97
300	2.e-003	1.e-003	4.e-003	41.291
301	2.e-003	1.e-003	5.e-003	37.636
302	2.e-003	1.e-003	6.e-003	34.021
303	2.e-003	1.e-003	7.e-003	30.466
304	2.e-003	1.e-003	8.e-003	26.992
305	2.e-003	1.e-003	9.e-003	23.622
306	2.e-003	1.e-003	1.e-002	20.381
307	2.e-003	1.e-003	1.1e-002	17.296
308	2.e-003	1.e-003	1.2e-002	14.394
309	2.e-003	1.e-003	1.3e-002	11.701
310	2.e-003	1.e-003	1.4e-002	9.2449
311	2.e-003	1.e-003	1.5e-002	7.0488
312	2.e-003	1.e-003	1.6e-002	5.1312
313	2.e-003	1.e-003	1.7e-002	3.5015
314	2.e-003	1.e-003	1.8e-002	2.1489
315	2.e-003	1.e-003	1.9e-002	1.0485
316	1.e-003	0.	1.85e-002	0.91452
317	5.e-004	0.	1.9e-002	0.3475
318	1.e-003	5.e-004	1.9e-002	0.52865
319	1.e-003	-5.e-004	1.9e-002	0.52865
320	1.e-003	0.	1.95e-002	0.19906
321	1.5e-003	0.	1.9e-002	0.7487
322	1.e-003	0.	1.75e-002	1.9537
323	5.e-004	0.	1.8e-002	1.1437
324	1.e-003	5.e-004	1.8e-002	1.3793
325	1.e-003	-5.e-004	1.8e-002	1.3793
326	1.5e-003	0.	1.8e-002	1.7459
327	1.e-003	0.	1.65e-002	3.3482
328	5.e-004	0.	1.7e-002	2.3364
329	1.e-003	5.e-004	1.7e-002	2.5949
330	1.e-003	-5.e-004	1.7e-002	2.5949
331	1.5e-003	0.	1.7e-002	3.0178
332	1.e-003	0.	1.55e-002	5.0873
333	5.e-004	0.	1.6e-002	3.9024
334	1.e-003	5.e-004	1.6e-002	4.1637
335	1.e-003	-5.e-004	1.6e-002	4.1637
336	1.5e-003	0.	1.6e-002	4.6072
337	1.e-003	0.	1.45e-002	7.1474
338	5.e-004	0.	1.5e-002	5.8107
339	1.e-003	5.e-004	1.5e-002	6.0677
340	1.e-003	-5.e-004	1.5e-002	6.0677
341	1.5e-003	0.	1.5e-002	6.5109
342	1.e-003	0.	1.35e-002	9.4994
343	5.e-004	0.	1.4e-002	8.0303
344	1.e-003	5.e-004	1.4e-002	8.2784
345	1.e-003	-5.e-004	1.4e-002	8.2784
346	1.5e-003	0.	1.4e-002	8.7104
347	1.e-003	0.	1.25e-002	12.113
348	5.e-004	0.	1.3e-002	10.529
349	1.e-003	5.e-004	1.3e-002	10.766
350	1.e-003	-5.e-004	1.3e-002	10.766
351	1.5e-003	0.	1.3e-002	11.18
352	1.e-003	0.	1.15e-002	14.957
353	5.e-004	0.	1.2e-002	13.275
354	1.e-003	5.e-004	1.2e-002	13.5
355	1.e-003	-5.e-004	1.2e-002	13.5
356	1.5e-003	0.	1.2e-002	13.893
357	1.e-003	0.	1.05e-002	18.002
358	5.e-004	0.	1.1e-002	16.237
359	1.e-003	5.e-004	1.1e-002	16.449
360	1.e-003	-5.e-004	1.1e-002	16.449
361	1.5e-003	0.	1.1e-002	16.819
362	1.e-003	0.	9.5e-003	21.218
363	5.e-004	0.	1.e-002	19.386
364	1.e-003	5.e-004	1.e-002	19.584
365	1.e-003	-5.e-004	1.e-002	19.584
366	1.5e-003	0.	1.e-002	19.931
367	1.e-003	0.	8.5e-003	24.577
368	5.e-004	0.	9.e-003	22.691
369	1.e-003	5.e-004	9.e-003	22.876
370	1.e-003	-5.e-004	9.e-003	22.876
371	1.5e-003	0.	9.e-003	23.199
372	1.e-003	0.	7.5e-003	28.053
373	5.e-004	0.	8.e-003	26.125
374	1.e-003	5.e-004	8.e-003	26.298
375	1.e-003	-5.e-004	8.e-003	26.298
376	1.5e-003	0.	8.e-003	26.597
377	1.e-003	0.	6.5e-003	31.619
378	5.e-004	0.	7.e-003	29.663
379	1.e-003	5.e-004	7.e-003	29.823
380	1.e-003	-5.e-004	7.e-003	29.823
381	1.5e-003	0.	7.e-003	30.098
382	1.e-003	0.	5.5e-003	35.253
383	5.e-004	0.	6.e-003	33.278
384	1.e-003	5.e-004	6.e-003	33.426
385	1.e-003	-5.e-004	6.e-003	33.426
386	1.5e-003	0.	6.e-003	33.68
387	1.e-003	0.	4.5e-003	38.934
388	5.e-004	0.	5.e-003	36.95
389	1.e-003	5.e-004	5.e-003	37.087
390	1.e-003	-5.e-004	5.e-003	37.087
391	1.5e-003	0.	5.e-003	37.32
392	1.e-003	0.	3.5e-003	42.643
393	5.e-004	0.	4.e-003	40.659
394	1.e-003	5.e-004	4.e-003	40.785
395	1.e-003	-5.e-004	4.e-003	40.785
396	1.5e-003	0.	4.e-003	40.999
397	1.e-003	0.	2.5e-003	46.366
398	5.e-004	0.	3.e-003	44.387
399	1.e-003	5.e-004	3.e-003	44.503
400	1.e-003	-5.e-004	3.e-003	44.503
401	1.5e-003	0.	3.e-003	44.699
402	1.e-003	0.	1.5e-003	50.089
403	5.e-004	0.	2.e-003	48.12
404	1.e-003	5.e-004	2.e-003	48.228
405	1.e-003	-5.e-004	2.e-003	48.228
406	1.5e-003	0.	2.e-003	48.408
407	5.e-004	0.	1.e-003	51.848
408	1.e-003	5.e-004	1.e-003	51.948
409	1.e-003	-5.e-004	1.e-003	51.948
410	1.e-003	0.	5.e-004	53.804
411	1.5e-003	0.	1.e-003	52.115
412	8.6736e-019	0.	1.85e-002	0.60869
413	-5.e-004	0.	1.9e-002	0.3475
414	0.	5.e-004	1.9e-002	0.26155
415	0.	-5.e-004	1.9e-002	0.26155
416	0.	0.	1.95e-002	6.5307e-002
417	8.6736e-019	0.	1.75e-002	1.5969
418	-5.e-004	0.	1.8e-002	1.1437
419	2.6021e-018	5.e-004	1.8e-002	1.0343
420	8.6736e-019	-5.e-004	1.8e-002	1.0343
421	0.	0.	1.65e-002	2.9796
422	-5.e-004	0.	1.7e-002	2.3364
423	0.	5.e-004	1.7e-002	2.2271
424	0.	-5.e-004	1.7e-002	2.2271
425	0.	0.	1.55e-002	4.7228
426	-5.e-004	0.	1.6e-002	3.9024
427	0.	5.e-004	1.6e-002	3.795
428	0.	-5.e-004	1.6e-002	3.795
429	0.	0.	1.45e-002	6.7944
430	-5.e-004	0.	1.5e-002	5.8107
431	0.	5.e-004	1.5e-002	5.7079
432	0.	-5.e-004	1.5e-002	5.7079
433	0.	0.	1.35e-002	9.1617
434	-5.e-004	0.	1.4e-002	8.0303
435	0.	5.e-004	1.4e-002	7.9325
436	0.	-5.e-004	1.4e-002	7.9325
437	0.	0.	1.25e-002	11.793
438	-5.e-004	0.	1.3e-002	10.529
439	0.	5.e-004	1.3e-002	10.437
440	0.	-5.e-004	1.3e-002	10.437
441	0.	0.	1.15e-002	14.656
442	-5.e-004	0.	1.2e-002	13.275
443	0.	5.e-004	1.2e-002	13.189
444	0.	-5.e-004	1.2e-002	13.189
445	-4.3368e-019	0.	1.05e-002	17.719
446	-5.e-004	0.	1.1e-002	16.237
447	0.	5.e-004	1.1e-002	16.157
448	0.	-5.e-004	1.1e-002	16.157
449	-4.3368e-019	0.	9.5e-003	20.955
450	-5.e-004	0.	1.e-002	19.386
451	-1.6263e-018	5.e-004	1.e-002	19.311
452	-5.421e-019	-5.e-004	1.e-002	19.311
453	0.	0.	8.5e-003	24.333
454	-5.e-004	0.	9.e-003	22.691
455	0.	5.e-004	9.e-003	22.622
456	0.	-5.e-004	9.e-003	22.622
457	0.	0.	7.5e-003	27.826
458	-5.e-004	0.	8.e-003	26.125
459	0.	5.e-004	8.e-003	26.062
460	0.	-5.e-004	8.e-003	26.062
461	2.1684e-019	0.	6.5e-003	31.41
462	-5.e-004	0.	7.e-003	29.663
463	0.	5.e-004	7.e-003	29.605
464	0.	-5.e-004	7.e-003	29.605
465	2.1684e-019	0.	5.5e-003	35.06
466	-5.e-004	0.	6.e-003	33.278
467	6.5052e-019	5.e-004	6.e-003	33.226
468	2.1684e-019	-5.e-004	6.e-003	33.226
469	0.	0.	4.5e-003	38.757
470	-5.e-004	0.	5.e-003	36.95
471	0.	5.e-004	5.e-003	36.902
472	0.	-5.e-004	5.e-003	36.902
473	0.	0.	3.5e-003	42.48
474	-5.e-004	0.	4.e-003	40.659
475	-3.2526e-019	5.e-004	4.e-003	40.615
476	-1.0842e-019	-5.e-004	4.e-003	40.615
477	0.	0.	2.5e-003	46.216
478	-5.e-004	0.	3.e-003	44.387
479	0.	5.e-004	3.e-003	44.347
480	0.	-5.e-004	3.e-003	44.347
481	0.	0.	1.5e-003	49.95
482	-5.e-004	0.	2.e-003	48.12
483	0.	5.e-004	2.e-003	48.083
484	0.	-5.e-004	2.e-003	48.083
485	-5.e-004	0.	1.e-003	51.848
486	0.	5.e-004	1.e-003	51.814
487	0.	-5.e-004	1.e-003	51.814
488	0.	0.	5.e-004	53.675
489	-1.e-003	0.	1.85e-002	0.91452
490	-1.e-003	5.e-004	1.9e-002	0.52865
491	-1.e-003	-5.e-004	1.9e-002	0.52865
492	-1.e-003	0.	1.95e-002	0.19906
493	-1.5e-003	0.	1.9e-002	0.7487
494	-1.e-003	0.	1.75e-002	1.9537
495	-1.e-003	5.e-004	1.8e-002	1.3793
496	-1.e-003	-5.e-004	1.8e-002	1.3793
497	-1.5e-003	0.	1.8e-002	1.7459
498	-1.e-003	0.	1.65e-002	3.3482
499	-1.e-003	5.e-004	1.7e-002	2.5949
500	-1.e-003	-5.e-004	1.7e-002	2.5949
501	-1.5e-003	0.	1.7e-002	3.0178
502	-1.e-003	0.	1.55e-002	5.0873
503	-1.e-003	5.e-004	1.6e-002	4.1637
504	-1.e-003	-5.e-004	1.6e-002	4.1637
505	-1.5e-003	0.	1.6e-002	4.6072
506	-1.e-003	0.	1.45e-002	7.1474
507	-1.e-003	5.e-004	1.5e-002	6.0677
508	-1.e-003	-5.e-004	1.5e-002	6.0677
509	-1.5e-003	0.	1.5e-002	6.5109
510	-1.e-003	0.	1.35e-002	9.4994
511	-1.e-003	5.e-004	1.4e-002	8.2784
512	-1.e-003	-5.e-004	1.4e-002	8.2784
513	-1.5e-003	0.	1.4e-002	8.7104
514	-1.e-003	0.	1.25e-002	12.113
515	-1.e-003	5.e-004	1.3e-002	10.766
516	-1.e-003	-5.e-004	1.3e-002	10.766
517	-1.5e-003	0.	1.3e-002	11.18
518	-1.e-003	0.	1.15e-002	14.957
519	-1.e-003	5.e-004	1.2e-002	13.5
520	-1.e-003	-5.e-004	1.2e-002	13.5
521	-1.5e-003	0.	1.2e-002	13.893
522	-1.e-003	0.	1.05e-002	18.002
523	-1.e-003	5.e-004	1.1e-002	16.449
524	-1.e-003	-5.e-004	1.1e-002	16.449
525	-1.5e-003	0.	1.1e-002	16.819
526	-1.e-003	0.	9.5e-003	21.218
527	-1.e-003	5.e-004	1.e-002	19.584
528	-1.e-003	-5.e-004	1.e-002	19.584
529	-1.5e-003	0.	1.e-002	19.931
530	-1.e-003	0.	8.5e-003	24.577
531	-1.e-003	5.e-004	9.e-003	22.876
532	-1.e-003	-5.e-004	9.e-003	22.876
533	-1.5e-003	0.	9.e-003	23.199
534	-1.e-003	0.	7.5e-003	28.053
535	-1.e-003	5.e-004	8.e-003	26.298
536	-1.e-003	-5.e-004	8.e-003	26.298
537	-1.5e-003	0.	8.e-003	26.597
538	-1.e-003	0.	6.5e-003	31.619
539	-1.e-003	5.e-004	7.e-003	29.823
540	-1.e-003	-5.e-004	7.e-003	29.823
541	-1.5e-003	0.	7.e-003	30.098
542	-1.e-003	0.	5.5e-003	35.253
543	-1.e-003	5.e-004	6.e-003	33.426
544	-1.e-003	-5.e-004	6.e-003	33.426
545	-1.5e-003	0.	6.e-003	33.68
546	-1.e-003	0.	4.5e-003	38.934
547	-1.e-003	5.e-004	5.e-003	37.087
548	-1.e-003	-5.e-004	5.e-003	37.087
549	-1.5e-003	0.	5.e-003	37.32
550	-1.e-003	0.	3.5e-003	42.643
551	-1.e-003	5.e-004	4.e-003	40.785
552	-1.e-003	-5.e-004	4.e-003	40.785
553	-1.5e-003	0.	4.e-003	40.999
554	-1.e-003	0.	2.5e-003	46.366
555	-1.e-003	5.e-004	3.e-003	44.503
556	-1.e-003	-5.e-004	3.e-003	44.503
557	-1.5e-003	0.	3.e-003	44.699
558	-1.e-003	0.	1.5e-003	50.089
559	-1.e-003	5.e-004	2.e-003	48.228
560	-1.e-003	-5.e-004	2.e-003	48.228
561	-1.5e-003	0.	2.e-003	48.408
562	-1.e-003	5.e-004	1.e-003	51.948
563	-1.e-003	-5.e-004	1.e-003	51.948
564	-1.e-003	0.	5.e-004	53.804
565	-1.5e-003	0.	1.e-003	52.115
566	-1.e-003	1.e-003	1.5e-003	50.088
567	-5.e-004	1.e-003	1.e-003	51.847
568	-1.e-003	1.e-003	5.e-004	53.804
569	-1.5e-003	1.e-003	1.e-003	52.114
570	-1.e-003	1.e-003	2.5e-003	46.364
571	-5.e-004	1.e-003	2.e-003	48.118
572	-1.5e-003	1.e-003	2.e-003	48.407
573	-1.e-003	1.e-003	3.5e-003	42.64
574	-5.e-004	1.e-003	3.e-003	44.384
575	-1.5e-003	1.e-003	3.e-003	44.697
576	-1.e-003	1.e-003	4.5e-003	38.928
577	-5.e-004	1.e-003	4.e-003	40.654
578	-1.5e-003	1.e-003	4.e-003	40.994
579	-1.e-003	1.e-003	5.5e-003	35.244
580	-5.e-004	1.e-003	5.e-003	36.943
581	-1.5e-003	1.e-003	5.e-003	37.313
582	-1.e-003	1.e-003	6.5e-003	31.607
583	-5.e-004	1.e-003	6.e-003	33.268
584	-1.5e-003	1.e-003	6.e-003	33.67
585	-1.e-003	1.e-003	7.5e-003	28.038
586	-5.e-004	1.e-003	7.e-003	29.649
587	-1.5e-003	1.e-003	7.e-003	30.085
588	-1.e-003	1.e-003	8.5e-003	24.559
589	-5.e-004	1.e-003	8.e-003	26.109
590	-1.5e-003	1.e-003	8.e-003	26.58
591	-1.e-003	1.e-003	9.5e-003	21.196
592	-5.e-004	1.e-003	9.e-003	22.671
593	-1.5e-003	1.e-003	9.e-003	23.178
594	-1.e-003	1.e-003	1.05e-002	17.975
595	-5.e-004	1.e-003	1.e-002	19.361
596	-1.5e-003	1.e-003	1.e-002	19.906
597	-1.e-003	1.e-003	1.15e-002	14.926
598	-5.e-004	1.e-003	1.1e-002	16.209
599	-1.5e-003	1.e-003	1.1e-002	16.791
600	-1.e-003	1.e-003	1.25e-002	12.078
601	-5.e-004	1.e-003	1.2e-002	13.242
602	-1.5e-003	1.e-003	1.2e-002	13.86
603	-1.e-003	1.e-003	1.35e-002	9.4599
604	-5.e-004	1.e-003	1.3e-002	10.491
605	-1.5e-003	1.e-003	1.3e-002	11.143
606	-1.e-003	1.e-003	1.45e-002	7.1039
607	-5.e-004	1.e-003	1.4e-002	7.9882
608	-1.5e-003	1.e-003	1.4e-002	8.6697
609	-1.e-003	1.e-003	1.55e-002	5.0403
610	-5.e-004	1.e-003	1.5e-002	5.7641
611	-1.5e-003	1.e-003	1.5e-002	6.4673
612	-1.e-003	1.e-003	1.65e-002	3.2989
613	-5.e-004	1.e-003	1.6e-002	3.8514
614	-1.5e-003	1.e-003	1.6e-002	4.5621
615	-1.e-003	1.e-003	1.75e-002	1.9048
616	-5.e-004	1.e-003	1.7e-002	2.2818
617	-1.5e-003	1.e-003	1.7e-002	2.9741
618	-1.e-003	1.e-003	1.85e-002	0.88213
619	-5.e-004	1.e-003	1.8e-002	1.088
620	-1.5e-003	1.e-003	1.8e-002	1.7113
621	-5.e-004	1.e-003	1.9e-002	0.31321
622	-1.e-003	1.e-003	1.95e-002	0.23507
623	-1.5e-003	1.e-003	1.9e-002	0.75348
624	0.	1.e-003	1.5e-003	49.949
625	5.e-004	1.e-003	1.e-003	51.847
626	0.	1.e-003	5.e-004	53.675
627	0.	1.e-003	2.5e-003	46.214
628	5.e-004	1.e-003	2.e-003	48.118
629	0.	1.e-003	3.5e-003	42.477
630	5.e-004	1.e-003	3.e-003	44.384
631	0.	1.e-003	4.5e-003	38.751
632	5.e-004	1.e-003	4.e-003	40.654
633	4.3368e-019	1.e-003	5.5e-003	35.052
634	5.e-004	1.e-003	5.e-003	36.943
635	4.3368e-019	1.e-003	6.5e-003	31.398
636	5.e-004	1.e-003	6.e-003	33.268
637	0.	1.e-003	7.5e-003	27.811
638	5.e-004	1.e-003	7.e-003	29.649
639	0.	1.e-003	8.5e-003	24.314
640	5.e-004	1.e-003	8.e-003	26.109
641	-8.6736e-019	1.e-003	9.5e-003	20.932
642	5.e-004	1.e-003	9.e-003	22.671
643	-8.6736e-019	1.e-003	1.05e-002	17.693
644	5.e-004	1.e-003	1.e-002	19.361
645	0.	1.e-003	1.15e-002	14.625
646	5.e-004	1.e-003	1.1e-002	16.209
647	0.	1.e-003	1.25e-002	11.757
648	5.e-004	1.e-003	1.2e-002	13.242
649	0.	1.e-003	1.35e-002	9.1218
650	5.e-004	1.e-003	1.3e-002	10.491
651	0.	1.e-003	1.45e-002	6.7497
652	5.e-004	1.e-003	1.4e-002	7.9882
653	0.	1.e-003	1.55e-002	4.6733
654	5.e-004	1.e-003	1.5e-002	5.7641
655	0.	1.e-003	1.65e-002	2.9252
656	5.e-004	1.e-003	1.6e-002	3.8514
657	1.7347e-018	1.e-003	1.75e-002	1.5376
658	5.e-004	1.e-003	1.7e-002	2.2818
659	1.7347e-018	1.e-003	1.85e-002	0.54712
660	5.e-004	1.e-003	1.8e-002	1.088
661	5.e-004	1.e-003	1.9e-002	0.31321
662	0.	1.e-003	1.95e-002	2.1464e-002
663	1.e-003	1.e-003	1.5e-003	50.088
664	1.e-003	1.e-003	5.e-004	53.804
665	1.5e-003	1.e-003	1.e-003	52.114
666	1.e-003	1.e-003	2.5e-003	46.364
667	1.5e-003	1.e-003	2.e-003	48.407
668	1.e-003	1.e-003	3.5e-003	42.64
669	1.5e-003	1.e-003	3.e-003	44.697
670	1.e-003	1.e-003	4.5e-003	38.928
671	1.5e-003	1.e-003	4.e-003	40.994
672	1.e-003	1.e-003	5.5e-003	35.244
673	1.5e-003	1.e-003	5.e-003	37.313
674	1.e-003	1.e-003	6.5e-003	31.607
675	1.5e-003	1.e-003	6.e-003	33.67
676	1.e-003	1.e-003	7.5e-003	28.038
677	1.5e-003	1.e-003	7.e-003	30.085
678	1.e-003	1.e-003	8.5e-003	24.559
679	1.5e-003	1.e-003	8.e-003	26.58
680	1.e-003	1.e-003	9.5e-003	21.196
681	1.5e-003	1.e-003	9.e-003	23.178
682	1.e-003	1.e-003	1.05e-002	17.975
683	1.5e-003	1.e-003	1.e-002	19.906
684	1.e-003	1.e-003	1.15e-002	14.926
685	1.5e-003	1.e-003	1.1e-002	16.791
686	1.e-003	1.e-003	1.25e-002	12.078
687	1.5e-003	1.e-003	1.2e-002	13.86
688	1.e-003	1.e-003	1.35e-002	9.4599
689	1.5e-003	1.e-003	1.3e-002	11.143
690	1.e-003	1.e-003	1.45e-002	7.1039
691	1.5e-003	1.e-003	1.4e-002	8.6697
692	1.e-003	1.e-003	1.55e-002	5.0403
693	1.5e-003	1.e-003	1.5e-002	6.4673
694	1.e-003	1.e-003	1.65e-002	3.2989
695	1.5e-003	1.e-003	1.6e-002	4.5621
696	1.e-003	1.e-003	1.75e-002	1.9048
697	1.5e-003	1.e-003	1.7e-002	2.9741
698	1.e-003	1.e-003	1.85e-002	0.88213
699	1.5e-003	1.e-003	1.8e-002	1.7113
700	1.e-003	1.e-003	1.95e-002	0.23507
701	1.5e-003	1.e-003	1.9e-002	0.75348
702	1.e-003	-1.e-003	1.85e-002	0.88213
703	5.e-004	-1.e-003	1.9e-002	0.31321
704	1.5e-003	-1.e-003	1.9e-002	0.75348
705	1.e-003	-1.e-003	1.95e-002	0.23507
706	1.e-003	-1.e-003	1.75e-002	1.9048
707	5.e-004	-1.e-003	1.8e-002	1.088
708	1.5e-003	-1.e-003	1.8e-002	1.7113
709	1.e-003	-1.e-003	1.65e-002	3.2989
710	5.e-004	-1.e-003	1.7e-002	2.2818
711	1.5e-003	-1.e-003	1.7e-002	2.9741
712	1.e-003	-1.e-003	1.55e-002	5.0403
713	5.e-004	-1.e-003	1.6e-002	3.8514
714	1.5e-003	-1.e-003	1.6e-002	4.5621
715	1.e-003	-1.e-003	1.45e-002	7.1039
716	5.e-004	-1.e-003	1.5e-002	5.7641
717	1.5e-003	-1.e-003	1.5e-002	6.4673
718	1.e-003	-1.e-003	1.35e-002	9.4599
719	5.e-004	-1.e-003	1.4e-002	7.9882
720	1.5e-003	-1.e-003	1.4e-002	8.6697
721	1.e-003	-1.e-003	1.25e-002	12.078
722	5.e-004	-1.e-003	1.3e-002	10.491
723	1.5e-003	-1.e-003	1.3e-002	11.143
724	1.e-003	-1.e-003	1.15e-002	14.926
725	5.e-004	-1.e-003	1.2e-002	13.242
726	1.5e-003	-1.e-003	1.2e-002	13.86
727	1.e-003	-1.e-003	1.05e-002	17.975
728	5.e-004	-1.e-003	1.1e-002	16.209
729	1.5e-003	-1.e-003	1.1e-002	16.791
730	1.e-003	-1.e-003	9.5e-003	21.196
731	5.e-004	-1.e-003	1.e-002	19.361
732	1.5e-003	-1.e-003	1.e-002	19.906
733	1.e-003	-1.e-003	8.5e-003	24.559
734	5.e-004	-1.e-003	9.e-003	22.671
735	1.5e-003	-1.e-003	9.e-003	23.178
736	1.e-003	-1.e-003	7.5e-003	28.038
737	5.e-004	-1.e-003	8.e-003	26.109
738	1.5e-003	-1.e-003	8.e-003	26.58
739	1.e-003	-1.e-003	6.5e-003	31.607
740	5.e-004	-1.e-003	7.e-003	29.649
741	1.5e-003	-1.e-003	7.e-003	30.085
742	1.e-003	-1.e-003	5.5e-003	35.244
743	5.e-004	-1.e-003	6.e-003	33.268
744	1.5e-003	-1.e-003	6.e-003	33.67
745	1.e-003	-1.e-003	4.5e-003	38.928
746	5.e-004	-1.e-003	5.e-003	36.943
747	1.5e-003	-1.e-003	5.e-003	37.313
748	1.e-003	-1.e-003	3.5e-003	42.64
749	5.e-004	-1.e-003	4.e-003	40.654
750	1.5e-003	-1.e-003	4.e-003	40.994
751	1.e-003	-1.e-003	2.5e-003	46.364
752	5.e-004	-1.e-003	3.e-003	44.384
753	1.5e-003	-1.e-003	3.e-003	44.697
754	1.e-003	-1.e-003	1.5e-003	50.088
755	5.e-004	-1.e-003	2.e-003	48.118
756	1.5e-003	-1.e-003	2.e-003	48.407
757	5.e-004	-1.e-003	1.e-003	51.847
758	1.5e-003	-1.e-003	1.e-003	52.114
759	1.e-003	-1.e-003	5.e-004	53.804
760	0.	-1.e-003	1.85e-002	0.54712
761	-5.e-004	-1.e-003	1.9e-002	0.31321
762	0.	-1.e-003	1.95e-002	2.1464e-002
763	0.	-1.e-003	1.75e-002	1.5376
764	-5.e-004	-1.e-003	1.8e-002	1.088
765	0.	-1.e-003	1.65e-002	2.9252
766	-5.e-004	-1.e-003	1.7e-002	2.2818
767	0.	-1.e-003	1.55e-002	4.6733
768	-5.e-004	-1.e-003	1.6e-002	3.8514
769	0.	-1.e-003	1.45e-002	6.7497
770	-5.e-004	-1.e-003	1.5e-002	5.7641
771	0.	-1.e-003	1.35e-002	9.1218
772	-5.e-004	-1.e-003	1.4e-002	7.9882
773	0.	-1.e-003	1.25e-002	11.757
774	-5.e-004	-1.e-003	1.3e-002	10.491
775	0.	-1.e-003	1.15e-002	14.625
776	-5.e-004	-1.e-003	1.2e-002	13.242
777	0.	-1.e-003	1.05e-002	17.693
778	-5.e-004	-1.e-003	1.1e-002	16.209
779	0.	-1.e-003	9.5e-003	20.932
780	-5.e-004	-1.e-003	1.e-002	19.361
781	0.	-1.e-003	8.5e-003	24.314
782	-5.e-004	-1.e-003	9.e-003	22.671
783	0.	-1.e-003	7.5e-003	27.811
784	-5.e-004	-1.e-003	8.e-003	26.109
785	0.	-1.e-003	6.5e-003	31.398
786	-5.e-004	-1.e-003	7.e-003	29.649
787	0.	-1.e-003	5.5e-003	35.052
788	-5.e-004	-1.e-003	6.e-003	33.268
789	0.	-1.e-003	4.5e-003	38.751
790	-5.e-004	-1.e-003	5.e-003	36.943
791	0.	-1.e-003	3.5e-003	42.477
792	-5.e-004	-1.e-003	4.e-003	40.654
793	0.	-1.e-003	2.5e-003	46.214
794	-5.e-004	-1.e-003	3.e-003	44.384
795	0.	-1.e-003	1.5e-003	49.949
796	-5.e-004	-1.e-003	2.e-003	48.118
797	-5.e-004	-1.e-003	1.e-003	51.847
798	0.	-1.e-003	5.e-004	53.675
799	-1.e-003	-1.e-003	1.85e-002	0.88213
800	-1.5e-003	-1.e-003	1.9e-002	0.75348
801	-1.e-003	-1.e-003	1.95e-002	0.23507
802	-1.e-003	-1.e-003	1.75e-002	1.9048
803	-1.5e-003	-1.e-003	1.8e-002	1.7113
804	-1.e-003	-1.e-003	1.65e-002	3.2989
805	-1.5e-003	-1.e-003	1.7e-002	2.9741
806	-1.e-003	-1.e-003	1.55e-002	5.0403
807	-1.5e-003	-1.e-003	1.6e-002	4.5621
808	-1.e-003	-1.e-003	1.45e-002	7.1039
809	-1.5e-003	-1.e-003	1.5e-002	6.4673
810	-1.e-003	-1.e-003	1.35e-002	9.4599
811	-1.5e-003	-1.e-003	1.4e-002	8.6697
812	-1.e-003	-1.e-003	1.25e-002	12.078
813	-1.5e-003	-1.e-003	1.3e-002	11.143
814	-1.e-003	-1.e-003	1.15e-002	14.926
815	-1.5e-003	-1.e-003	1.2e-002	13.86
816	-1.e-003	-1.e-003	1.05e-002	17.975
817	-1.5e-003	-1.e-003	1.1e-002	16.791
818	-1.e-003	-1.e-003	9.5e-003	21.196
819	-1.5e-003	-1.e-003	1.e-002	19.906
820	-1.e-003	-1.e-003	8.5e-003	24.559
821	-1.5e-003	-1.e-003	9.e-003	23.178
822	-1.e-003	-1.e-003	7.5e-003	28.038
823	-1.5e-003	-1.e-003	8.e-003	26.58
824	-1.e-003	-1.e-003	6.5e-003	31.607
825	-1.5e-003	-1.e-003	7.e-003	30.085
826	-1.e-003	-1.e-003	5.5e-003	35.244
827	-1.5e-003	-1.e-003	6.e-003	33.67
828	-1.e-003	-1.e-003	4.5e-003	38.928
829	-1.5e-003	-1.e-003	5.e-003	37.313
830	-1.e-003	-1.e-003	3.5e-003	42.64
831	-1.5e-003	-1.e-003	4.e-003	40.994
832	-1.e-003	-1.e-003	2.5e-003	46.364
833	-1.5e-003	-1.e-003	3.e-003	44.697
834	-1.e-003	-1.e-003	1.5e-003	50.088
835	-1.5e-003	-1.e-003	2.e-003	48.407
836	-1.5e-003	-1.e-003	1.e-003	52.114
837	-1.e-003	-1.e-003	5.e-004	53.804
838	2.e-003	-1.e-003	1.85e-002	1.5793
839	2.e-003	-1.e-003	1.95e-002	0.57036
840	2.e-003	-5.e-004	1.9e-002	1.0384
841	2.e-003	-1.e-003	1.75e-002	2.7916
842	2.e-003	-5.e-004	1.8e-002	2.1702
843	2.e-003	-1.e-003	1.65e-002	4.2807
844	2.e-003	-5.e-004	1.7e-002	3.5294
845	2.e-003	-1.e-003	1.55e-002	6.0543
846	2.e-003	-5.e-004	1.6e-002	5.162
847	2.e-003	-1.e-003	1.45e-002	8.113
848	2.e-003	-5.e-004	1.5e-002	7.0794
849	2.e-003	-1.e-003	1.35e-002	10.442
850	2.e-003	-5.e-004	1.4e-002	9.2742
851	2.e-003	-1.e-003	1.25e-002	13.019
852	2.e-003	-5.e-004	1.3e-002	11.728
853	2.e-003	-1.e-003	1.15e-002	15.82
854	2.e-003	-5.e-004	1.2e-002	14.418
855	2.e-003	-1.e-003	1.05e-002	18.817
856	2.e-003	-5.e-004	1.1e-002	17.317
857	2.e-003	-1.e-003	9.5e-003	21.983
858	2.e-003	-5.e-004	1.e-002	20.399
859	2.e-003	-1.e-003	8.5e-003	25.292
860	2.e-003	-5.e-004	9.e-003	23.637
861	2.e-003	-1.e-003	7.5e-003	28.717
862	2.e-003	-5.e-004	8.e-003	27.005
863	2.e-003	-1.e-003	6.5e-003	32.235
864	2.e-003	-5.e-004	7.e-003	30.476
865	2.e-003	-1.e-003	5.5e-003	35.822
866	2.e-003	-5.e-004	6.e-003	34.029
867	2.e-003	-1.e-003	4.5e-003	39.46
868	2.e-003	-5.e-004	5.e-003	37.642
869	2.e-003	-1.e-003	3.5e-003	43.128
870	2.e-003	-5.e-004	4.e-003	41.295
871	2.e-003	-1.e-003	2.5e-003	46.813
872	2.e-003	-5.e-004	3.e-003	44.972
873	2.e-003	-1.e-003	1.5e-003	50.503
874	2.e-003	-5.e-004	2.e-003	48.659
875	2.e-003	-1.e-003	5.e-004	54.188
876	2.e-003	-5.e-004	1.e-003	52.347
877	-2.e-003	-1.e-003	1.85e-002	1.5793
878	-2.e-003	-1.e-003	1.95e-002	0.57036
879	-2.e-003	-5.e-004	1.9e-002	1.0384
880	-2.e-003	-1.e-003	1.75e-002	2.7916
881	-2.e-003	-5.e-004	1.8e-002	2.1702
882	-2.e-003	-1.e-003	1.65e-002	4.2807
883	-2.e-003	-5.e-004	1.7e-002	3.5294
884	-2.e-003	-1.e-003	1.55e-002	6.0543
885	-2.e-003	-5.e-004	1.6e-002	5.162
886	-2.e-003	-1.e-003	1.45e-002	8.113
887	-2.e-003	-5.e-004	1.5e-002	7.0794
888	-2.e-003	-1.e-003	1.35e-002	10.442
889	-2.e-003	-5.e-004	1.4e-002	9.2742
890	-2.e-003	-1.e-003	1.25e-002	13.019
891	-2.e-003	-5.e-004	1.3e-002	11.728
892	-2.e-003	-1.e-003	1.15e-002	15.82
893	-2.e-003	-5.e-004	1.2e-002	14.418
894	-2.e-003	-1.e-003	1.05e-002	18.817
895	-2.e-003	-5.e-004	1.1e-002	17.317
896	-2.e-003	-1.e-003	9.5e-003	21.983
897	-2.e-003	-5.e-004	1.e-002	20.399
898	-2.e-003	-1.e-003	8.5e-003	25.292
899	-2.e-003	-5.e-004	9.e-003	23.637
900	-2.e-003	-1.e-003	7.5e-003	28.717
901	-2.e-003	-5.e-004	8.e-003	27.005
902	-2.e-003	-1.e-003	6.5e-003	32.235
903	-2.e-003	-5.e-004	7.e-003	30.476
904	-2.e-003	-1.e-003	5.5e-003	35.822
905	-2.e-003	-5.e-004	6.e-003	34.029
906	-2.e-003	-1.e-003	4.5e-003	39.46
907	-2.e-003	-5.e-004	5.e-003	37.642
908	-2.e-003	-1.e-003	3.5e-003	43.128
909	-2.e-003	-5.e-004	4.e-003	41.295
910	-2.e-003	-1.e-003	2.5e-003	46.813
911	-2.e-003	-5.e-004	3.e-003	44.972
912	-2.e-003	-1.e-003	1.5e-003	50.503
913	-2.e-003	-5.e-004	2.e-003	48.659
914	-2.e-003	-1.e-003	5.e-004	54.188
915	-2.e-003	-5.e-004	1.e-003	52.347
916	1.5e-003	-1.e-003	2.e-002	0.
917	2.e-003	-5.e-004	2.e-002	0.
918	5.e-004	-1.e-003	2.e-002	0.
919	1.e-003	-5.e-004	2.e-002	0.
920	-5.e-004	-1.e-003	2.e-002	0.
921	0.	-5.e-004	2.e-002	0.
922	-1.5e-003	-1.e-003	2.e-002	0.
923	-1.e-003	-5.e-004	2.e-002	0.
924	-2.e-003	-5.e-004	2.e-002	0.
925	1.5e-003	-1.e-003	0.	55.813
926	2.e-003	-5.e-004	0.	56.03
927	5.e-004	-1.e-003	0.	55.563
928	1.e-003	-5.e-004	0.	55.657
929	-5.e-004	-1.e-003	0.	55.563
930	0.	-5.e-004	0.	55.531
931	-1.5e-003	-1.e-003	0.	55.813
932	-1.e-003	-5.e-004	0.	55.657
933	-2.e-003	-5.e-004	0.	56.03
934	5.e-004	0.	0.	55.563
935	1.e-003	5.e-004	0.	55.657
936	1.5e-003	0.	0.	55.814
937	-5.e-004	0.	0.	55.563
938	0.	5.e-004	0.	55.531
939	-1.e-003	5.e-004	0.	55.657
940	-1.5e-003	0.	0.	55.814
941	5.e-004	1.e-003	0.	55.563
942	1.5e-003	1.e-003	0.	55.813
943	-5.e-004	1.e-003	0.	55.563
944	-1.5e-003	1.e-003	0.	55.813
945	2.e-003	5.e-004	0.	56.03
946	2.e-003	1.e-003	5.e-004	54.188
947	2.e-003	0.	5.e-004	54.189
948	-2.e-003	5.e-004	0.	56.03
949	-2.e-003	0.	5.e-004	54.189
950	-2.e-003	1.e-003	5.e-004	54.188
951	5.e-004	0.	2.e-002	0.
952	1.e-003	5.e-004	2.e-002	0.
953	1.5e-003	0.	2.e-002	0.
954	-5.e-004	0.	2.e-002	0.
955	0.	5.e-004	2.e-002	0.
956	-1.e-003	5.e-004	2.e-002	0.
957	-1.5e-003	0.	2.e-002	0.
958	5.e-004	1.e-003	2.e-002	0.
959	1.5e-003	1.e-003	2.e-002	0.
960	-5.e-004	1.e-003	2.e-002	0.
961	-1.5e-003	1.e-003	2.e-002	0.
962	2.e-003	5.e-004	2.e-002	0.
963	2.e-003	1.e-003	1.95e-002	0.57036
964	2.e-003	0.	1.95e-002	0.5148
965	-2.e-003	5.e-004	2.e-002	0.
966	-2.e-003	0.	1.95e-002	0.5148
967	-2.e-003	1.e-003	1.95e-002	0.57036
968	-2.e-003	0.	1.85e-002	1.5907
969	-2.e-003	5.e-004	1.9e-002	1.0384
970	-2.e-003	0.	1.75e-002	2.8239
971	-2.e-003	5.e-004	1.8e-002	2.1702
972	-2.e-003	0.	1.65e-002	4.3199
973	-2.e-003	5.e-004	1.7e-002	3.5294
974	-2.e-003	0.	1.55e-002	6.0949
975	-2.e-003	5.e-004	1.6e-002	5.162
976	-2.e-003	0.	1.45e-002	8.1527
977	-2.e-003	5.e-004	1.5e-002	7.0794
978	-2.e-003	0.	1.35e-002	10.479
979	-2.e-003	5.e-004	1.4e-002	9.2742
980	-2.e-003	0.	1.25e-002	13.053
981	-2.e-003	5.e-004	1.3e-002	11.728
982	-2.e-003	0.	1.15e-002	15.851
983	-2.e-003	5.e-004	1.2e-002	14.418
984	-2.e-003	0.	1.05e-002	18.844
985	-2.e-003	5.e-004	1.1e-002	17.317
986	-2.e-003	0.	9.5e-003	22.006
987	-2.e-003	5.e-004	1.e-002	20.399
988	-2.e-003	0.	8.5e-003	25.311
989	-2.e-003	5.e-004	9.e-003	23.637
990	-2.e-003	0.	7.5e-003	28.733
991	-2.e-003	5.e-004	8.e-003	27.005
992	-2.e-003	0.	6.5e-003	32.247
993	-2.e-003	5.e-004	7.e-003	30.476
994	-2.e-003	0.	5.5e-003	35.831
995	-2.e-003	5.e-004	6.e-003	34.029
996	-2.e-003	0.	4.5e-003	39.466
997	-2.e-003	5.e-004	5.e-003	37.642
998	-2.e-003	0.	3.5e-003	43.132
999	-2.e-003	5.e-004	4.e-003	41.295
1000	-2.e-003	0.	2.5e-003	46.815
1001	-2.e-003	5.e-004	3.e-003	44.972
1002	-2.e-003	0.	1.5e-003	50.503
1003	-2.e-003	5.e-004	2.e-003	48.659
1004	-2.e-003	5.e-004	1.e-003	52.347
1005	-2.e-003	1.e-003	1.5e-003	50.503
1006	-2.e-003	1.e-003	2.5e-003	46.813
1007	-2.e-003	1.e-003	3.5e-003	43.128
1008	-2.e-003	1.e-003	4.5e-003	39.46
1009	-2.e-003	1.e-003	5.5e-003	35.822
1010	-2.e-003	1.e-003	6.5e-003	32.235
1011	-2.e-003	1.e-003	7.5e-003	28.717
1012	-2.e-003	1.e-003	8.5e-003	25.292
1013	-2.e-003	1.e-003	9.5e-003	21.983
1014	-2.e-003	1.e-003	1.05e-002	18.817
1015	-2.e-003	1.e-003	1.15e-002	15.82
1016	-2.e-003	1.e-003	1.25e-002	13.019
1017	-2.e-003	1.e-003	1.35e-002	10.442
1018	-2.e-003	1.e-003	1.45e-002	8.113
1019	-2.e-003	1.e-003	1.55e-002	6.0543
1020	-2.e-003	1.e-003	1.65e-002	4.2807
1021	-2.e-003	1.e-003	1.75e-002	2.7916
1022	-2.e-003	1.e-003	1.85e-002	1.5793
1023	2.e-003	0.	1.85e-002	1.5907
1024	2.e-003	5.e-004	1.9e-002	1.0384
1025	2.e-003	0.	1.75e-002	2.8239
1026	2.e-003	5.e-004	1.8e-002	2.1702
1027	2.e-003	0.	1.65e-002	4.3199
1028	2.e-003	5.e-004	1.7e-002	3.5294
1029	2.e-003	0.	1.55e-002	6.0949
1030	2.e-003	5.e-004	1.6e-002	5.162
1031	2.e-003	0.	1.45e-002	8.1527
1032	2.e-003	5.e-004	1.5e-002	7.0794
1033	2.e-003	0.	1.35e-002	10.479
1034	2.e-003	5.e-004	1.4e-002	9.2742
1035	2.e-003	0.	1.25e-002	13.053
1036	2.e-003	5.e-004	1.3e-002	11.728
1037	2.e-003	0.	1.15e-002	15.851
1038	2.e-003	5.e-004	1.2e-002	14.418
1039	2.e-003	0.	1.05e-002	18.844
1040	2.e-003	5.e-004	1.1e-002	17.317
1041	2.e-003	0.	9.5e-003	22.006
1042	2.e-003	5.e-004	1.e-002	20.399
1043	2.e-003	0.	8.5e-003	25.311
1044	2.e-003	5.e-004	9.e-003	23.637
1045	2.e-003	0.	7.5e-003	28.733
1046	2.e-003	5.e-004	8.e-003	27.005
1047	2.e-003	0.	6.5e-003	32.247
1048	2.e-003	5.e-004	7.e-003	30.476
1049	2.e-003	0.	5.5e-003	35.831
1050	2.e-003	5.e-004	6.e-003	34.029
1051	2.e-003	0.	4.5e-003	39.466
1052	2.e-003	5.e-004	5.e-003	37.642
1053	2.e-003	0.	3.5e-003	43.132
1054	2.e-003	5.e-004	4.e-003	41.295
1055	2.e-003	0.	2.5e-003	46.815
1056	2.e-003	5.e-004	3.e-003	44.972
1057	2.e-003	0.	1.5e-003	50.503
1058	2.e-003	5.e-004	2.e-003	48.659
1059	2.e-003	5.e-004	1.e-003	52.347
1060	2.e-003	1.e-003	1.5e-003	50.503
1061	2.e-003	1.e-003	2.5e-003	46.813
1062	2.e-003	1.e-003	3.5e-003	43.128
1063	2.e-003	1.e-003	4.5e-003	39.46
1064	2.e-003	1.e-003	5.5e-003	35.822
1065	2.e-003	1.e-003	6.5e-003	32.235
1066	2.e-003	1.e-003	7.5e-003	28.717
1067	2.e-003	1.e-003	8.5e-003	25.292
1068	2.e-003	1.e-003	9.5e-003	21.983
1069	2.e-003	1.e-003	1.05e-002	18.817
1070	2.e-003	1.e-003	1.15e-002	15.82
1071	2.e-003	1.e-003	1.25e-002	13.019
1072	2.e-003	1.e-003	1.35e-002	10.442
1073	2.e-003	1.e-003	1.45e-002	8.113
1074	2.e-003	1.e-003	1.55e-002	6.0543
1075	2.e-003	1.e-003	1.65e-002	4.2807
1076	2.e-003	1.e-003	1.75e-002	2.7916
1077	2.e-003	1.e-003	1.85e-002	1.5793
